As: 2.0e-09
H0: 67.6
Om: 0.31511501698119815
c: 299790.0
dz: 0.05
h: 0.6759999999999999
mnu: 0.0
ns: 0.965
ombh2: 0.022
omch2: 0.122
omk: 0.0
r: 0.0
tau: 0.06
zmax: 7.0
