himass:
  M: 335.9818286283788
  b: 4.972215434093404
  nz: 0.0004585638260541108
  z: 3.0
lomass:
  M: 12.742749857031322
  b: 2.230694411210151
  nz: 0.047262398796419414
  z: 3.0
