himass:
  M: 12.742749857031322
  b: 2.230694411210151
  nz: 0.047262398796419414
  z: 3.0
lomass:
  M: 1.43844988828766
  b: 1.5491703502056549
  nz: 0.500333117296766
  z: 3.0
