himass:
  M: 483.29302385717517
  b: 5.562069174811098
  nz: 0.00022848885239320832
  z: 3.0
lomass:
  M: 162.37767391887175
  b: 4.034017731345623
  nz: 0.0015819833198896583
  z: 3.0
