himass:
  M: 162.37767391887175
  b: 4.034017731345623
  nz: 0.0015819833198896583
  z: 3.0
lomass:
  M: 2.06913808111479
  b: 1.633412109865453
  nz: 0.34425601271188977
  z: 3.0
