himass:
  M: 483.29302385717517
  b: 5.562069174811098
  nz: 0.00022848885239320832
  z: 3.0
lomass:
  M: 335.9818286283788
  b: 4.972215434093404
  nz: 0.0004585638260541108
  z: 3.0
