himass:
  M: 54.555947811685144
  b: 3.0519389316411156
  nz: 0.007771060315405916
  z: 3.0
lomass:
  M: 1.43844988828766
  b: 1.5491703502056549
  nz: 0.500333117296766
  z: 3.0
