himass:
  M: 233.5721469090121
  b: 4.467615719669112
  nz: 0.0008714298814707154
  z: 3.0
lomass:
  M: 54.555947811685144
  b: 3.0519389316411156
  nz: 0.007771060315405916
  z: 3.0
