himass:
  M: 233.5721469090121
  b: 4.467615719669112
  nz: 0.0008714298814707154
  z: 3.0
lomass:
  M: 78.47599703514622
  b: 3.334879286606427
  nz: 0.004696191139099707
  z: 3.0
