himass:
  M: 12.742749857031322
  b: 2.230694411210151
  nz: 0.047262398796419414
  z: 3.0
lomass:
  M: 4.281332398719395
  b: 1.8322780939989278
  nz: 0.15972301831699917
  z: 3.0
