himass:
  M: 4.281332398719395
  b: 1.8322780939989278
  nz: 0.15972301831699917
  z: 3.0
lomass:
  M: 1.43844988828766
  b: 1.5491703502056549
  nz: 0.500333117296766
  z: 3.0
