himass:
  M: 4.281332398719395
  b: 1.8322780939989278
  nz: 0.15972301831699917
  z: 3.0
lomass:
  M: 1.0
  b: 1.47341006322391
  nz: 0.7230611596856078
  z: 3.0
