himass:
  M: 1000.0
  b: 7.072404512602899
  nz: 4.5916846700745966e-05
  z: 3.0
lomass:
  M: 112.88378916846882
  b: 3.6598370014326664
  nz: 0.002764265137616136
  z: 3.0
