himass:
  M: 26.366508987303554
  b: 2.5886245665107905
  nz: 0.019857528979232538
  z: 3.0
lomass:
  M: 8.858667904100832
  b: 2.082094868745449
  nz: 0.0715595238868841
  z: 3.0
