himass:
  M: 8.858667904100832
  b: 2.082094868745449
  nz: 0.0715595238868841
  z: 3.0
lomass:
  M: 6.1584821106602545
  b: 1.9499001819737745
  nz: 0.10744797315351674
  z: 3.0
