himass:
  M: 8.858667904100832
  b: 2.082094868745449
  nz: 0.0715595238868841
  z: 3.0
lomass:
  M: 2.06913808111479
  b: 1.633412109865453
  nz: 0.34425601271188977
  z: 3.0
