himass:
  M: 12.742749857031322
  b: 2.230694411210151
  nz: 0.047262398796419414
  z: 3.0
lomass:
  M: 1.0
  b: 1.47341006322391
  nz: 0.7230611596856078
  z: 3.0
