himass:
  M: 26.366508987303554
  b: 2.5886245665107905
  nz: 0.019857528979232538
  z: 3.0
lomass:
  M: 12.742749857031322
  b: 2.230694411210151
  nz: 0.047262398796419414
  z: 3.0
