himass:
  M: 233.5721469090121
  b: 4.467615719669112
  nz: 0.0008714298814707154
  z: 3.0
lomass:
  M: 112.88378916846882
  b: 3.6598370014326664
  nz: 0.002764265137616136
  z: 3.0
