himass:
  M: 1000.0
  b: 7.072404512602899
  nz: 4.5916846700745966e-05
  z: 3.0
lomass:
  M: 162.37767391887175
  b: 4.034017731345623
  nz: 0.0015819833198896583
  z: 3.0
