himass:
  M: 37.92690190732254
  b: 2.8049771665429533
  nz: 0.01255162678602288
  z: 3.0
lomass:
  M: 26.366508987303554
  b: 2.5886245665107905
  nz: 0.019857528979232538
  z: 3.0
