himass:
  M: 335.9818286283788
  b: 4.972215434093404
  nz: 0.0004585638260541108
  z: 3.0
lomass:
  M: 2.976351441631313
  b: 1.7273207877214998
  nz: 0.23537877449366834
  z: 3.0
