himass:
  M: 695.1927961775591
  b: 6.254776743976475
  nz: 0.00010655345984083428
  z: 3.0
lomass:
  M: 2.976351441631313
  b: 1.7273207877214998
  nz: 0.23537877449366834
  z: 3.0
