himass:
  M: 1000.0
  b: 7.072404512602899
  nz: 4.5916846700745966e-05
  z: 3.0
lomass:
  M: 78.47599703514622
  b: 3.334879286606427
  nz: 0.004696191139099707
  z: 3.0
