himass:
  M: 112.88378916846882
  b: 3.6598370014326664
  nz: 0.002764265137616136
  z: 3.0
lomass:
  M: 6.1584821106602545
  b: 1.9499001819737745
  nz: 0.10744797315351674
  z: 3.0
