himass:
  M: 483.29302385717517
  b: 5.562069174811098
  nz: 0.00022848885239320832
  z: 3.0
lomass:
  M: 1.43844988828766
  b: 1.5491703502056549
  nz: 0.500333117296766
  z: 3.0
