himass:
  M: 4.281332398719395
  b: 1.8322780939989278
  nz: 0.15972301831699917
  z: 3.0
lomass:
  M: 2.06913808111479
  b: 1.633412109865453
  nz: 0.34425601271188977
  z: 3.0
