himass:
  M: 233.5721469090121
  b: 6.9710501853961615
  nz: 0.00017573257495535476
  z: 4.0
lomass:
  M: 4.281332398719395
  b: 2.629500267086056
  nz: 0.09982454711004027
  z: 4.0
