himass:
  M: 112.88378916846882
  b: 5.6365094566063485
  nz: 0.0007778219699601099
  z: 4.0
lomass:
  M: 12.742749857031322
  b: 3.2830313167185055
  nz: 0.024684396708913352
  z: 4.0
