himass:
  M: 233.5721469090121
  b: 6.9710501853961615
  nz: 0.00017573257495535476
  z: 4.0
lomass:
  M: 8.858667904100832
  b: 3.039108240123041
  nz: 0.03993891381854747
  z: 4.0
