himass:
  M: 78.47599703514622
  b: 5.100394095263996
  nz: 0.0015170185282298615
  z: 4.0
lomass:
  M: 1.43844988828766
  b: 2.1661139287550215
  nz: 0.3557475430447583
  z: 4.0
