himass:
  M: 1000.0
  b: 11.287115172870577
  nz: 3.2784590027025293e-06
  z: 4.0
lomass:
  M: 54.555947811685144
  b: 4.6340147460678836
  nz: 0.002835167384364856
  z: 4.0
