himass:
  M: 233.5721469090121
  b: 6.9710501853961615
  nz: 0.00017573257495535476
  z: 4.0
lomass:
  M: 18.329807108324374
  b: 3.5585995433527917
  nz: 0.014970202002357056
  z: 4.0
