himass:
  M: 8.858667904100832
  b: 3.039108240123041
  nz: 0.03993891381854747
  z: 4.0
lomass:
  M: 6.1584821106602545
  b: 2.822281607140369
  nz: 0.06366497175733357
  z: 4.0
