himass:
  M: 162.37767391887175
  b: 6.254394975481551
  nz: 0.0003811099997329867
  z: 4.0
lomass:
  M: 2.976351441631313
  b: 2.4575995559873243
  nz: 0.15429844539515597
  z: 4.0
