himass:
  M: 2.06913808111479
  b: 2.3039003785917274
  nz: 0.23553732249814063
  z: 4.0
lomass:
  M: 1.0
  b: 2.042277937104407
  nz: 0.532234777710243
  z: 4.0
