himass:
  M: 112.88378916846882
  b: 5.6365094566063485
  nz: 0.0007778219699601099
  z: 4.0
lomass:
  M: 78.47599703514622
  b: 5.100394095263996
  nz: 0.0015170185282298615
  z: 4.0
