himass:
  M: 54.555947811685144
  b: 4.6340147460678836
  nz: 0.002835167384364856
  z: 4.0
lomass:
  M: 12.742749857031322
  b: 3.2830313167185055
  nz: 0.024684396708913352
  z: 4.0
