himass:
  M: 695.1927961775591
  b: 9.930672252153645
  nz: 1.0503140936670206e-05
  z: 4.0
lomass:
  M: 78.47599703514622
  b: 5.100394095263996
  nz: 0.0015170185282298615
  z: 4.0
