himass:
  M: 695.1927961775591
  b: 9.930672252153645
  nz: 1.0503140936670206e-05
  z: 4.0
lomass:
  M: 6.1584821106602545
  b: 2.822281607140369
  nz: 0.06366497175733357
  z: 4.0
