himass:
  M: 335.9818286283788
  b: 7.805828203107093
  nz: 7.537128242012817e-05
  z: 4.0
lomass:
  M: 12.742749857031322
  b: 3.2830313167185055
  nz: 0.024684396708913352
  z: 4.0
