himass:
  M: 26.366508987303554
  b: 3.871287691057413
  nz: 0.008859327992410819
  z: 4.0
lomass:
  M: 12.742749857031322
  b: 3.2830313167185055
  nz: 0.024684396708913352
  z: 4.0
