himass:
  M: 112.88378916846882
  b: 5.6365094566063485
  nz: 0.0007778219699601099
  z: 4.0
lomass:
  M: 4.281332398719395
  b: 2.629500267086056
  nz: 0.09982454711004027
  z: 4.0
