himass:
  M: 6.1584821106602545
  b: 2.822281607140369
  nz: 0.06366497175733357
  z: 4.0
lomass:
  M: 2.06913808111479
  b: 2.3039003785917274
  nz: 0.23553732249814063
  z: 4.0
