himass:
  M: 695.1927961775591
  b: 9.930672252153645
  nz: 1.0503140936670206e-05
  z: 4.0
lomass:
  M: 26.366508987303554
  b: 3.871287691057413
  nz: 0.008859327992410819
  z: 4.0
