himass:
  M: 695.1927961775591
  b: 9.930672252153645
  nz: 1.0503140936670206e-05
  z: 4.0
lomass:
  M: 8.858667904100832
  b: 3.039108240123041
  nz: 0.03993891381854747
  z: 4.0
