himass:
  M: 695.1927961775591
  b: 9.930672252153645
  nz: 1.0503140936670206e-05
  z: 4.0
lomass:
  M: 162.37767391887175
  b: 6.254394975481551
  nz: 0.0003811099997329867
  z: 4.0
