himass:
  M: 162.37767391887175
  b: 6.254394975481551
  nz: 0.0003811099997329867
  z: 4.0
lomass:
  M: 1.0
  b: 2.042277937104407
  nz: 0.532234777710243
  z: 4.0
