himass:
  M: 12.742749857031322
  b: 3.2830313167185055
  nz: 0.024684396708913352
  z: 4.0
lomass:
  M: 1.0
  b: 2.042277937104407
  nz: 0.532234777710243
  z: 4.0
