himass:
  M: 162.37767391887175
  b: 6.254394975481551
  nz: 0.0003811099997329867
  z: 4.0
lomass:
  M: 12.742749857031322
  b: 3.2830313167185055
  nz: 0.024684396708913352
  z: 4.0
