himass:
  M: 54.555947811685144
  b: 4.6340147460678836
  nz: 0.002835167384364856
  z: 4.0
lomass:
  M: 37.92690190732254
  b: 4.227294257110655
  nz: 0.005095955864563101
  z: 4.0
