himass:
  M: 37.92690190732254
  b: 4.227294257110655
  nz: 0.005095955864563101
  z: 4.0
lomass:
  M: 2.06913808111479
  b: 2.3039003785917274
  nz: 0.23553732249814063
  z: 4.0
