himass:
  M: 4.281332398719395
  b: 0.8658404304537946
  nz: 0.23137457636154496
  z: 1.0
lomass:
  M: 1.43844988828766
  b: 0.7993479958895346
  nz: 0.6222529887519304
  z: 1.0
