himass:
  M: 112.88378916846882
  b: 1.2910257037253283
  nz: 0.010896451448991817
  z: 1.0
lomass:
  M: 78.47599703514622
  b: 1.2159182026066992
  nz: 0.015515957589763648
  z: 1.0
