himass:
  M: 1000.0
  b: 2.0711051335172668
  nz: 0.001074034100123069
  z: 1.0
lomass:
  M: 483.29302385717517
  b: 1.7274950543924172
  nz: 0.002456817336249922
  z: 1.0
