himass:
  M: 26.366508987303554
  b: 1.0426690653973503
  nz: 0.043583116265070145
  z: 1.0
lomass:
  M: 6.1584821106602545
  b: 0.8934237812536484
  nz: 0.1660059055937781
  z: 1.0
