himass:
  M: 2.976351441631313
  b: 0.8412041207605155
  nz: 0.32206493922347695
  z: 1.0
lomass:
  M: 1.0
  b: 0.7815392120936712
  nz: 0.8640677484966507
  z: 1.0
