himass:
  M: 1000.0
  b: 2.0711051335172668
  nz: 0.001074034100123069
  z: 1.0
lomass:
  M: 26.366508987303554
  b: 1.0426690653973503
  nz: 0.043583116265070145
  z: 1.0
