himass:
  M: 1000.0
  b: 2.0711051335172668
  nz: 0.001074034100123069
  z: 1.0
lomass:
  M: 37.92690190732254
  b: 1.0930148604010426
  nz: 0.031022127734535138
  z: 1.0
