himass:
  M: 18.329807108324374
  b: 0.9983272838003759
  nz: 0.06102992967976216
  z: 1.0
lomass:
  M: 2.06913808111479
  b: 0.8191455123386442
  nz: 0.44780877202755076
  z: 1.0
