himass:
  M: 6.1584821106602545
  b: 0.8934237812536484
  nz: 0.1660059055937781
  z: 1.0
lomass:
  M: 1.0
  b: 0.7815392120936712
  nz: 0.8640677484966507
  z: 1.0
