himass:
  M: 233.5721469090121
  b: 1.4769754871669418
  nz: 0.005282285633539481
  z: 1.0
lomass:
  M: 54.555947811685144
  b: 1.1503632544091253
  nz: 0.02199174290074145
  z: 1.0
