himass:
  M: 37.92690190732254
  b: 1.0930148604010426
  nz: 0.031022127734535138
  z: 1.0
lomass:
  M: 12.742749857031322
  b: 0.9591495197599706
  nz: 0.08522692230701717
  z: 1.0
