himass:
  M: 1000.0
  b: 2.0711051335172668
  nz: 0.001074034100123069
  z: 1.0
lomass:
  M: 2.976351441631313
  b: 0.8412041207605155
  nz: 0.32206493922347695
  z: 1.0
