himass:
  M: 26.366508987303554
  b: 1.0426690653973503
  nz: 0.043583116265070145
  z: 1.0
lomass:
  M: 2.06913808111479
  b: 0.8191455123386442
  nz: 0.44780877202755076
  z: 1.0
