himass:
  M: 233.5721469090121
  b: 1.4769754871669418
  nz: 0.005282285633539481
  z: 1.0
lomass:
  M: 12.742749857031322
  b: 0.9591495197599706
  nz: 0.08522692230701717
  z: 1.0
