himass:
  M: 1000.0
  b: 2.0711051335172668
  nz: 0.001074034100123069
  z: 1.0
lomass:
  M: 2.06913808111479
  b: 0.8191455123386442
  nz: 0.44780877202755076
  z: 1.0
