himass:
  M: 26.366508987303554
  b: 1.0426690653973503
  nz: 0.043583116265070145
  z: 1.0
lomass:
  M: 4.281332398719395
  b: 0.8658404304537946
  nz: 0.23137457636154496
  z: 1.0
