himass:
  M: 162.37767391887175
  b: 1.3772865099252214
  nz: 0.00761805873680502
  z: 1.0
lomass:
  M: 2.976351441631313
  b: 0.8412041207605155
  nz: 0.32206493922347695
  z: 1.0
