himass:
  M: 4.281332398719395
  b: 0.8658404304537946
  nz: 0.23137457636154496
  z: 1.0
lomass:
  M: 2.976351441631313
  b: 0.8412041207605155
  nz: 0.32206493922347695
  z: 1.0
