himass:
  M: 233.5721469090121
  b: 1.4769754871669418
  nz: 0.005282285633539481
  z: 1.0
lomass:
  M: 112.88378916846882
  b: 1.2910257037253283
  nz: 0.010896451448991817
  z: 1.0
