himass:
  M: 8.858667904100832
  b: 0.9243890600200682
  nz: 0.1189182049027381
  z: 1.0
lomass:
  M: 2.976351441631313
  b: 0.8412041207605155
  nz: 0.32206493922347695
  z: 1.0
