himass:
  M: 483.29302385717517
  b: 1.7274950543924172
  nz: 0.002456817336249922
  z: 1.0
lomass:
  M: 78.47599703514622
  b: 1.2159182026066992
  nz: 0.015515957589763648
  z: 1.0
