himass:
  M: 112.88378916846882
  b: 1.2910257037253283
  nz: 0.010896451448991817
  z: 1.0
lomass:
  M: 2.06913808111479
  b: 0.8191455123386442
  nz: 0.44780877202755076
  z: 1.0
