himass:
  M: 483.29302385717517
  b: 1.7274950543924172
  nz: 0.002456817336249922
  z: 1.0
lomass:
  M: 233.5721469090121
  b: 1.4769754871669418
  nz: 0.005282285633539481
  z: 1.0
