himass:
  M: 162.37767391887175
  b: 1.3772865099252214
  nz: 0.00761805873680502
  z: 1.0
lomass:
  M: 78.47599703514622
  b: 1.2159182026066992
  nz: 0.015515957589763648
  z: 1.0
