himass:
  M: 12.742749857031322
  b: 0.9591495197599706
  nz: 0.08522692230701717
  z: 1.0
lomass:
  M: 4.281332398719395
  b: 0.8658404304537946
  nz: 0.23137457636154496
  z: 1.0
