himass:
  M: 112.88378916846882
  b: 1.2910257037253283
  nz: 0.010896451448991817
  z: 1.0
lomass:
  M: 2.976351441631313
  b: 0.8412041207605155
  nz: 0.32206493922347695
  z: 1.0
