himass:
  M: 335.9818286283788
  b: 1.5926611653218494
  nz: 0.003625022057435444
  z: 1.0
lomass:
  M: 1.43844988828766
  b: 0.7993479958895346
  nz: 0.6222529887519304
  z: 1.0
