himass:
  M: 1000.0
  b: 2.0711051335172668
  nz: 0.001074034100123069
  z: 1.0
lomass:
  M: 78.47599703514622
  b: 1.2159182026066992
  nz: 0.015515957589763648
  z: 1.0
