himass:
  M: 335.9818286283788
  b: 1.5926611653218494
  nz: 0.003625022057435444
  z: 1.0
lomass:
  M: 12.742749857031322
  b: 0.9591495197599706
  nz: 0.08522692230701717
  z: 1.0
