himass:
  M: 695.1927961775591
  b: 1.8853582421298252
  nz: 0.001638954381915303
  z: 1.0
lomass:
  M: 18.329807108324374
  b: 0.9983272838003759
  nz: 0.06102992967976216
  z: 1.0
