himass:
  M: 483.29302385717517
  b: 1.7274950543924172
  nz: 0.002456817336249922
  z: 1.0
lomass:
  M: 162.37767391887175
  b: 1.3772865099252214
  nz: 0.00761805873680502
  z: 1.0
