himass:
  M: 695.1927961775591
  b: 1.8853582421298252
  nz: 0.001638954381915303
  z: 1.0
lomass:
  M: 2.976351441631313
  b: 0.8412041207605155
  nz: 0.32206493922347695
  z: 1.0
