himass:
  M: 1000.0
  b: 2.0711051335172668
  nz: 0.001074034100123069
  z: 1.0
lomass:
  M: 8.858667904100832
  b: 0.9243890600200682
  nz: 0.1189182049027381
  z: 1.0
