himass:
  M: 335.9818286283788
  b: 1.5926611653218494
  nz: 0.003625022057435444
  z: 1.0
lomass:
  M: 26.366508987303554
  b: 1.0426690653973503
  nz: 0.043583116265070145
  z: 1.0
