himass:
  M: 37.92690190732254
  b: 1.0930148604010426
  nz: 0.031022127734535138
  z: 1.0
lomass:
  M: 18.329807108324374
  b: 0.9983272838003759
  nz: 0.06102992967976216
  z: 1.0
