himass:
  M: 335.9818286283788
  b: 1.5926611653218494
  nz: 0.003625022057435444
  z: 1.0
lomass:
  M: 2.976351441631313
  b: 0.8412041207605155
  nz: 0.32206493922347695
  z: 1.0
