himass:
  M: 37.92690190732254
  b: 1.0930148604010426
  nz: 0.031022127734535138
  z: 1.0
lomass:
  M: 4.281332398719395
  b: 0.8658404304537946
  nz: 0.23137457636154496
  z: 1.0
