himass:
  M: 233.5721469090121
  b: 1.4769754871669418
  nz: 0.005282285633539481
  z: 1.0
lomass:
  M: 6.1584821106602545
  b: 0.8934237812536484
  nz: 0.1660059055937781
  z: 1.0
