himass:
  M: 695.1927961775591
  b: 1.8853582421298252
  nz: 0.001638954381915303
  z: 1.0
lomass:
  M: 54.555947811685144
  b: 1.1503632544091253
  nz: 0.02199174290074145
  z: 1.0
