himass:
  M: 695.1927961775591
  b: 1.8853582421298252
  nz: 0.001638954381915303
  z: 1.0
lomass:
  M: 335.9818286283788
  b: 1.5926611653218494
  nz: 0.003625022057435444
  z: 1.0
