himass:
  M: 1000.0
  b: 2.0711051335172668
  nz: 0.001074034100123069
  z: 1.0
lomass:
  M: 335.9818286283788
  b: 1.5926611653218494
  nz: 0.003625022057435444
  z: 1.0
