himass:
  M: 78.47599703514622
  b: 1.2159182026066992
  nz: 0.015515957589763648
  z: 1.0
lomass:
  M: 8.858667904100832
  b: 0.9243890600200682
  nz: 0.1189182049027381
  z: 1.0
