himass:
  M: 112.88378916846882
  b: 1.2910257037253283
  nz: 0.010896451448991817
  z: 1.0
lomass:
  M: 1.0
  b: 0.7815392120936712
  nz: 0.8640677484966507
  z: 1.0
