himass:
  M: 483.29302385717517
  b: 1.7274950543924172
  nz: 0.002456817336249922
  z: 1.0
lomass:
  M: 1.0
  b: 0.7815392120936712
  nz: 0.8640677484966507
  z: 1.0
