himass:
  M: 37.92690190732254
  b: 1.0930148604010426
  nz: 0.031022127734535138
  z: 1.0
lomass:
  M: 1.43844988828766
  b: 0.7993479958895346
  nz: 0.6222529887519304
  z: 1.0
