himass:
  M: 695.1927961775591
  b: 1.8853582421298252
  nz: 0.001638954381915303
  z: 1.0
lomass:
  M: 162.37767391887175
  b: 1.3772865099252214
  nz: 0.00761805873680502
  z: 1.0
