himass:
  M: 112.88378916846882
  b: 1.2910257037253283
  nz: 0.010896451448991817
  z: 1.0
lomass:
  M: 4.281332398719395
  b: 0.8658404304537946
  nz: 0.23137457636154496
  z: 1.0
