himass:
  M: 18.329807108324374
  b: 0.9983272838003759
  nz: 0.06102992967976216
  z: 1.0
lomass:
  M: 8.858667904100832
  b: 0.9243890600200682
  nz: 0.1189182049027381
  z: 1.0
