himass:
  M: 54.555947811685144
  b: 1.1503632544091253
  nz: 0.02199174290074145
  z: 1.0
lomass:
  M: 37.92690190732254
  b: 1.0930148604010426
  nz: 0.031022127734535138
  z: 1.0
