himass:
  M: 1000.0
  b: 2.0711051335172668
  nz: 0.001074034100123069
  z: 1.0
lomass:
  M: 695.1927961775591
  b: 1.8853582421298252
  nz: 0.001638954381915303
  z: 1.0
