himass:
  M: 54.555947811685144
  b: 1.1503632544091253
  nz: 0.02199174290074145
  z: 1.0
lomass:
  M: 1.43844988828766
  b: 0.7993479958895346
  nz: 0.6222529887519304
  z: 1.0
