himass:
  M: 483.29302385717517
  b: 1.7274950543924172
  nz: 0.002456817336249922
  z: 1.0
lomass:
  M: 112.88378916846882
  b: 1.2910257037253283
  nz: 0.010896451448991817
  z: 1.0
