himass:
  M: 8.858667904100832
  b: 0.9243890600200682
  nz: 0.1189182049027381
  z: 1.0
lomass:
  M: 6.1584821106602545
  b: 0.8934237812536484
  nz: 0.1660059055937781
  z: 1.0
