himass:
  M: 695.1927961775591
  b: 1.8853582421298252
  nz: 0.001638954381915303
  z: 1.0
lomass:
  M: 1.43844988828766
  b: 0.7993479958895346
  nz: 0.6222529887519304
  z: 1.0
