himass:
  M: 335.9818286283788
  b: 1.5926611653218494
  nz: 0.003625022057435444
  z: 1.0
lomass:
  M: 6.1584821106602545
  b: 0.8934237812536484
  nz: 0.1660059055937781
  z: 1.0
