himass:
  M: 12.742749857031322
  b: 0.9591495197599706
  nz: 0.08522692230701717
  z: 1.0
lomass:
  M: 8.858667904100832
  b: 0.9243890600200682
  nz: 0.1189182049027381
  z: 1.0
