himass:
  M: 54.555947811685144
  b: 1.1503632544091253
  nz: 0.02199174290074145
  z: 1.0
lomass:
  M: 4.281332398719395
  b: 0.8658404304537946
  nz: 0.23137457636154496
  z: 1.0
