himass:
  M: 233.5721469090121
  b: 1.4769754871669418
  nz: 0.005282285633539481
  z: 1.0
lomass:
  M: 162.37767391887175
  b: 1.3772865099252214
  nz: 0.00761805873680502
  z: 1.0
