himass:
  M: 54.555947811685144
  b: 1.1503632544091253
  nz: 0.02199174290074145
  z: 1.0
lomass:
  M: 8.858667904100832
  b: 0.9243890600200682
  nz: 0.1189182049027381
  z: 1.0
