himass:
  M: 8.858667904100832
  b: 0.9243890600200682
  nz: 0.1189182049027381
  z: 1.0
lomass:
  M: 2.06913808111479
  b: 0.8191455123386442
  nz: 0.44780877202755076
  z: 1.0
