himass:
  M: 18.329807108324374
  b: 0.9983272838003759
  nz: 0.06102992967976216
  z: 1.0
lomass:
  M: 1.0
  b: 0.7815392120936712
  nz: 0.8640677484966507
  z: 1.0
