himass:
  M: 26.366508987303554
  b: 1.0426690653973503
  nz: 0.043583116265070145
  z: 1.0
lomass:
  M: 2.976351441631313
  b: 0.8412041207605155
  nz: 0.32206493922347695
  z: 1.0
