Volume: 25000000000.0
alpha: 1.1962850166877366
himass:
  M: 6.1584821106602545
  b: 1.3123977047909052
  nz: 0.14833533003661406
  z: 2.0
kmax: 0.1
kmin: 0.01
lomass:
  M: 1.43844988828766
  b: 1.0970610569249295
  nz: 0.6036382971950836
  z: 2.0
redshift: 2.0
sigma_fnl: 0.5485923682912309
