Volume: 41860000000.0
alpha: 0.6178970757599663
himass:
  M: 695.1927961775591
  b: 3.6023671331104494
  nz: 0.0005799437781013033
  z: 2.0
kmax: 0.1
kmin: 0.005
lomass:
  M: 112.88378916846882
  b: 2.22589211736276
  nz: 0.006712239930289286
  z: 2.0
redshift: 2.0
sigma_fnl: 1.9061884184051553e-07
