Volume: 41860000000.0
alpha: 0.8059659498942348
himass:
  M: 78.47599703514622
  b: 2.0528166092591973
  nz: 0.010262182272677958
  z: 2.0
kmax: 0.1
kmin: 0.001
lomass:
  M: 26.366508987303554
  b: 1.654500288440251
  nz: 0.03394161006343396
  z: 2.0
redshift: 2.0
sigma_fnl: 3.24334804053062e-07
