Volume: 25000000000.0
alpha: 1.965381441493215
himass:
  M: 1000.0
  b: 4.034567666627055
  nz: 0.00032018089559189057
  z: 2.0
kmax: 0.1
kmin: 0.001
lomass:
  M: 78.47599703514622
  b: 2.0528166092591973
  nz: 0.010262182272677958
  z: 2.0
redshift: 2.0
sigma_fnl: 1.5217031639628475
