Volume: 25000000000.0
alpha: 2.7448746061959843
himass:
  M: 695.1927961775591
  b: 3.6023671331104494
  nz: 0.0005799437781013033
  z: 2.0
kmax: 0.1
kmin: 0.005
lomass:
  M: 6.1584821106602545
  b: 1.3123977047909052
  nz: 0.14833533003661406
  z: 2.0
redshift: 2.0
sigma_fnl: 0.7508972590431126
