Volume: 25000000000.0
alpha: 1.6183925110344246
himass:
  M: 695.1927961775591
  b: 3.6023671331104494
  nz: 0.0005799437781013033
  z: 2.0
kmax: 0.1
kmin: 0.01
lomass:
  M: 112.88378916846882
  b: 2.22589211736276
  nz: 0.006712239930289286
  z: 2.0
redshift: 2.0
sigma_fnl: 2.659539198765184
