Volume: 41860000000.0
alpha: 0.913237831003122
himass:
  M: 233.5721469090121
  b: 2.65532825436652
  nz: 0.002733051833155817
  z: 2.0
kmax: 0.1
kmin: 0.01
lomass:
  M: 162.37767391887175
  b: 2.424946215618987
  nz: 0.0043276023775839015
  z: 2.0
redshift: 2.0
sigma_fnl: 9.055185002577259e-07
