Volume: 25000000000.0
alpha: 1.0540308752841185
himass:
  M: 8.858667904100832
  b: 1.3833077015016262
  nz: 0.10330541125936447
  z: 2.0
kmax: 0.1
kmin: 0.01
lomass:
  M: 6.1584821106602545
  b: 1.3123977047909052
  nz: 0.14833533003661406
  z: 2.0
redshift: 2.0
sigma_fnl: 2.734839580293654
