Volume: 25000000000.0
alpha: 2.1212836983684222
himass:
  M: 1000.0
  b: 4.034567666627055
  nz: 0.00032018089559189057
  z: 2.0
kmax: 0.1
kmin: 0.001
lomass:
  M: 54.555947811685144
  b: 1.901946293053696
  nz: 0.015477205769745903
  z: 2.0
redshift: 2.0
sigma_fnl: 1.293154528292331
