Volume: 25000000000.0
alpha: 1.3343457490973303
himass:
  M: 483.29302385717517
  b: 3.2357166746008534
  nz: 0.0010063208434547923
  z: 2.0
kmax: 0.1
kmin: 0.001
lomass:
  M: 162.37767391887175
  b: 2.424946215618987
  nz: 0.0043276023775839015
  z: 2.0
redshift: 2.0
sigma_fnl: 2.776067229333295
