Volume: 41860000000.0
alpha: 0.7057471047320866
himass:
  M: 37.92690190732254
  b: 1.7701149105326879
  nz: 0.02304565518994703
  z: 2.0
kmax: 0.1
kmin: 0.005
lomass:
  M: 4.281332398719395
  b: 1.249253473151541
  nz: 0.2119200975180835
  z: 2.0
redshift: 2.0
sigma_fnl: 1.7613464600985665e-07
