Volume: 41860000000.0
alpha: 0.6271816756994798
himass:
  M: 54.555947811685144
  b: 1.901946293053696
  nz: 0.015477205769745903
  z: 2.0
kmax: 0.1
kmin: 0.005
lomass:
  M: 2.976351441631313
  b: 1.1928658631678308
  nz: 0.301453320739754
  z: 2.0
redshift: 2.0
sigma_fnl: 1.4105102262663623e-07
