Volume: 41860000000.0
alpha: 0.7952384110286183
himass:
  M: 112.88378916846882
  b: 2.22589211736276
  nz: 0.006712239930289286
  z: 2.0
kmax: 0.1
kmin: 0.001
lomass:
  M: 37.92690190732254
  b: 1.7701149105326879
  nz: 0.02304565518994703
  z: 2.0
redshift: 2.0
sigma_fnl: 3.210763452339512e-07
