Volume: 41860000000.0
alpha: 0.47988298446573624
himass:
  M: 483.29302385717517
  b: 3.2357166746008534
  nz: 0.0010063208434547923
  z: 2.0
kmax: 0.1
kmin: 0.01
lomass:
  M: 18.329807108324374
  b: 1.552765374693005
  nz: 0.049531462500880516
  z: 2.0
redshift: 2.0
sigma_fnl: 1.2717467392521605e-07
