Volume: 41860000000.0
alpha: 0.8264704923913111
himass:
  M: 37.92690190732254
  b: 1.7701149105326879
  nz: 0.02304565518994703
  z: 2.0
kmax: 0.1
kmin: 0.001
lomass:
  M: 12.742749857031322
  b: 1.4629477416971521
  nz: 0.07171595392654084
  z: 2.0
redshift: 2.0
sigma_fnl: 3.282440033059428e-07
