Volume: 41860000000.0
alpha: 0.9576761374721725
himass:
  M: 2.976351441631313
  b: 1.1928658631678308
  nz: 0.301453320739754
  z: 2.0
kmax: 0.1
kmin: 0.001
lomass:
  M: 2.06913808111479
  b: 1.1423791723609773
  nz: 0.4272078470977463
  z: 2.0
redshift: 2.0
sigma_fnl: 9.066026372646803e-07
