Volume: 25000000000.0
alpha: 3.3822475696577206
himass:
  M: 1000.0
  b: 4.034567666627055
  nz: 0.00032018089559189057
  z: 2.0
kmax: 0.1
kmin: 0.001
lomass:
  M: 2.976351441631313
  b: 1.1928658631678308
  nz: 0.301453320739754
  z: 2.0
redshift: 2.0
sigma_fnl: 0.5839225380288755
