Volume: 41860000000.0
alpha: 0.7209825658552061
himass:
  M: 26.366508987303554
  b: 1.654500288440251
  nz: 0.03394161006343396
  z: 2.0
kmax: 0.1
kmin: 0.005
lomass:
  M: 2.976351441631313
  b: 1.1928658631678308
  nz: 0.301453320739754
  z: 2.0
redshift: 2.0
sigma_fnl: 1.7549374819107352e-07
