Volume: 25000000000.0
alpha: 2.1131243520843888
himass:
  M: 335.9818286283788
  b: 2.923101190468969
  nz: 0.0016833973679739973
  z: 2.0
kmax: 0.1
kmin: 0.005
lomass:
  M: 8.858667904100832
  b: 1.3833077015016262
  nz: 0.10330541125936447
  z: 2.0
redshift: 2.0
sigma_fnl: 0.7053198205138413
