Volume: 25000000000.0
alpha: 3.229582909582706
himass:
  M: 1000.0
  b: 4.034567666627055
  nz: 0.00032018089559189057
  z: 2.0
kmax: 0.1
kmin: 0.001
lomass:
  M: 4.281332398719395
  b: 1.249253473151541
  nz: 0.2119200975180835
  z: 2.0
redshift: 2.0
sigma_fnl: 0.6251257560730813
