Volume: 41860000000.0
alpha: 0.7162753945490787
himass:
  M: 233.5721469090121
  b: 2.65532825436652
  nz: 0.002733051833155817
  z: 2.0
kmax: 0.1
kmin: 0.01
lomass:
  M: 54.555947811685144
  b: 1.901946293053696
  nz: 0.015477205769745903
  z: 2.0
redshift: 2.0
sigma_fnl: 2.4166800246073666e-07
