Volume: 41860000000.0
alpha: 0.9030915332831843
himass:
  M: 8.858667904100832
  b: 1.3833077015016262
  nz: 0.10330541125936447
  z: 2.0
kmax: 0.1
kmin: 0.01
lomass:
  M: 4.281332398719395
  b: 1.249253473151541
  nz: 0.2119200975180835
  z: 2.0
redshift: 2.0
sigma_fnl: 4.784994716827922e-07
