Volume: 41860000000.0
alpha: 0.5967310541944548
himass:
  M: 37.92690190732254
  b: 1.7701149105326879
  nz: 0.02304565518994703
  z: 2.0
kmax: 0.1
kmin: 0.005
lomass:
  M: 1.0
  b: 1.056282536607494
  nz: 0.8506209052033976
  z: 2.0
redshift: 2.0
sigma_fnl: 1.2072478069648252e-07
