Volume: 41860000000.0
alpha: 0.5517052386491837
himass:
  M: 1000.0
  b: 4.034567666627055
  nz: 0.00032018089559189057
  z: 2.0
kmax: 0.1
kmin: 0.005
lomass:
  M: 112.88378916846882
  b: 2.22589211736276
  nz: 0.006712239930289286
  z: 2.0
redshift: 2.0
sigma_fnl: 1.6282938390620346e-07
