Volume: 25000000000.0
alpha: 1.5641726602884127
himass:
  M: 78.47599703514622
  b: 2.0528166092591973
  nz: 0.010262182272677958
  z: 2.0
kmax: 0.1
kmin: 0.005
lomass:
  M: 6.1584821106602545
  b: 1.3123977047909052
  nz: 0.14833533003661406
  z: 2.0
redshift: 2.0
sigma_fnl: 0.5882265592570786
