Volume: 41860000000.0
alpha: 0.9548629552003894
himass:
  M: 4.281332398719395
  b: 1.249253473151541
  nz: 0.2119200975180835
  z: 2.0
kmax: 0.1
kmin: 0.01
lomass:
  M: 2.976351441631313
  b: 1.1928658631678308
  nz: 0.301453320739754
  z: 2.0
redshift: 2.0
sigma_fnl: 9.273693759325131e-07
