Volume: 25000000000.0
alpha: 1.1147137307210035
himass:
  M: 12.742749857031322
  b: 1.4629477416971521
  nz: 0.07171595392654084
  z: 2.0
kmax: 0.1
kmin: 0.001
lomass:
  M: 6.1584821106602545
  b: 1.3123977047909052
  nz: 0.14833533003661406
  z: 2.0
redshift: 2.0
sigma_fnl: 1.018188915881004
