Volume: 41860000000.0
alpha: 0.9196851807055006
himass:
  M: 2.976351441631313
  b: 1.1928658631678308
  nz: 0.301453320739754
  z: 2.0
kmax: 0.1
kmin: 0.005
lomass:
  M: 1.43844988828766
  b: 1.0970610569249295
  nz: 0.6036382971950836
  z: 2.0
redshift: 2.0
sigma_fnl: 4.530141236364017e-07
