Volume: 41860000000.0
alpha: 0.8164086338105485
himass:
  M: 54.555947811685144
  b: 1.901946293053696
  nz: 0.015477205769745903
  z: 2.0
kmax: 0.1
kmin: 0.005
lomass:
  M: 18.329807108324374
  b: 1.552765374693005
  nz: 0.049531462500880516
  z: 2.0
redshift: 2.0
sigma_fnl: 3.2683137694566754e-07
