Volume: 41860000000.0
alpha: 0.5768096927508548
himass:
  M: 54.555947811685144
  b: 1.901946293053696
  nz: 0.015477205769745903
  z: 2.0
kmax: 0.1
kmin: 0.001
lomass:
  M: 1.43844988828766
  b: 1.0970610569249295
  nz: 0.6036382971950836
  z: 2.0
redshift: 2.0
sigma_fnl: 1.212364041604306e-07
