Volume: 25000000000.0
alpha: 2.438541531129358
himass:
  M: 1000.0
  b: 4.034567666627055
  nz: 0.00032018089559189057
  z: 2.0
kmax: 0.1
kmin: 0.001
lomass:
  M: 26.366508987303554
  b: 1.654500288440251
  nz: 0.03394161006343396
  z: 2.0
redshift: 2.0
sigma_fnl: 0.9896037309800898
