Volume: 25000000000.0
alpha: 2.9494408302766595
himass:
  M: 483.29302385717517
  b: 3.2357166746008534
  nz: 0.0010063208434547923
  z: 2.0
kmax: 0.1
kmin: 0.001
lomass:
  M: 1.43844988828766
  b: 1.0970610569249295
  nz: 0.6036382971950836
  z: 2.0
redshift: 2.0
sigma_fnl: 0.40285990351955564
