Volume: 25000000000.0
alpha: 1.7209115229499825
himass:
  M: 78.47599703514622
  b: 2.0528166092591973
  nz: 0.010262182272677958
  z: 2.0
kmax: 0.1
kmin: 0.001
lomass:
  M: 2.976351441631313
  b: 1.1928658631678308
  nz: 0.301453320739754
  z: 2.0
redshift: 2.0
sigma_fnl: 0.35539104046357706
