Volume: 25000000000.0
alpha: 1.0655185357719352
himass:
  M: 26.366508987303554
  b: 1.654500288440251
  nz: 0.03394161006343396
  z: 2.0
kmax: 0.1
kmin: 0.005
lomass:
  M: 18.329807108324374
  b: 1.552765374693005
  nz: 0.049531462500880516
  z: 2.0
redshift: 2.0
sigma_fnl: 3.4312625353984063
