Volume: 25000000000.0
alpha: 1.549498584497437
himass:
  M: 37.92690190732254
  b: 1.7701149105326879
  nz: 0.02304565518994703
  z: 2.0
kmax: 0.1
kmin: 0.01
lomass:
  M: 2.06913808111479
  b: 1.1423791723609773
  nz: 0.4272078470977463
  z: 2.0
redshift: 2.0
sigma_fnl: 0.45455369578609023
