Volume: 25000000000.0
alpha: 2.032874181828949
himass:
  M: 162.37767391887175
  b: 2.424946215618987
  nz: 0.0043276023775839015
  z: 2.0
kmax: 0.1
kmin: 0.005
lomass:
  M: 2.976351441631313
  b: 1.1928658631678308
  nz: 0.301453320739754
  z: 2.0
redshift: 2.0
sigma_fnl: 0.470913562166031
