Volume: 41860000000.0
alpha: 0.6032907997193344
himass:
  M: 162.37767391887175
  b: 2.424946215618987
  nz: 0.0043276023775839015
  z: 2.0
kmax: 0.1
kmin: 0.001
lomass:
  M: 12.742749857031322
  b: 1.4629477416971521
  nz: 0.07171595392654084
  z: 2.0
redshift: 2.0
sigma_fnl: 1.5404837560075705e-07
