Volume: 41860000000.0
alpha: 0.8019983656157017
himass:
  M: 1000.0
  b: 4.034567666627055
  nz: 0.00032018089559189057
  z: 2.0
kmax: 0.1
kmin: 0.01
lomass:
  M: 483.29302385717517
  b: 3.2357166746008534
  nz: 0.0010063208434547923
  z: 2.0
redshift: 2.0
sigma_fnl: 4.255917022822254e-07
