Volume: 25000000000.0
alpha: 1.2185750177138819
himass:
  M: 483.29302385717517
  b: 3.2357166746008534
  nz: 0.0010063208434547923
  z: 2.0
kmax: 0.1
kmin: 0.01
lomass:
  M: 233.5721469090121
  b: 2.65532825436652
  nz: 0.002733051833155817
  z: 2.0
redshift: 2.0
sigma_fnl: 6.3947290727547585
