Volume: 25000000000.0
alpha: 1.4700284449273255
himass:
  M: 18.329807108324374
  b: 1.552765374693005
  nz: 0.049531462500880516
  z: 2.0
kmax: 0.1
kmin: 0.001
lomass:
  M: 1.0
  b: 1.056282536607494
  nz: 0.8506209052033976
  z: 2.0
redshift: 2.0
sigma_fnl: 0.2508442439622534
