Volume: 25000000000.0
alpha: 1.0441943375967822
himass:
  M: 2.976351441631313
  b: 1.1928658631678308
  nz: 0.301453320739754
  z: 2.0
kmax: 0.1
kmin: 0.005
lomass:
  M: 2.06913808111479
  b: 1.1423791723609773
  nz: 0.4272078470977463
  z: 2.0
redshift: 2.0
sigma_fnl: 1.703432644072321
