Volume: 25000000000.0
alpha: 1.8006037467610276
himass:
  M: 54.555947811685144
  b: 1.901946293053696
  nz: 0.015477205769745903
  z: 2.0
kmax: 0.1
kmin: 0.005
lomass:
  M: 1.0
  b: 1.056282536607494
  nz: 0.8506209052033976
  z: 2.0
redshift: 2.0
sigma_fnl: 0.3211378095835844
