Volume: 41860000000.0
alpha: 0.7299604828888346
himass:
  M: 162.37767391887175
  b: 2.424946215618987
  nz: 0.0043276023775839015
  z: 2.0
kmax: 0.1
kmin: 0.005
lomass:
  M: 37.92690190732254
  b: 1.7701149105326879
  nz: 0.02304565518994703
  z: 2.0
redshift: 2.0
sigma_fnl: 2.44139700031947e-07
