Volume: 41860000000.0
alpha: 0.768220287887132
himass:
  M: 18.329807108324374
  b: 1.552765374693005
  nz: 0.049531462500880516
  z: 2.0
kmax: 0.1
kmin: 0.005
lomass:
  M: 2.976351441631313
  b: 1.1928658631678308
  nz: 0.301453320739754
  z: 2.0
redshift: 2.0
sigma_fnl: 2.039293831787273e-07
