Volume: 41860000000.0
alpha: 0.8114390017613304
himass:
  M: 695.1927961775591
  b: 3.6023671331104494
  nz: 0.0005799437781013033
  z: 2.0
kmax: 0.1
kmin: 0.005
lomass:
  M: 335.9818286283788
  b: 2.923101190468969
  nz: 0.0016833973679739973
  z: 2.0
redshift: 2.0
sigma_fnl: 4.3334094208821813e-07
