Volume: 25000000000.0
alpha: 1.356656047020395
himass:
  M: 695.1927961775591
  b: 3.6023671331104494
  nz: 0.0005799437781013033
  z: 2.0
kmax: 0.1
kmin: 0.005
lomass:
  M: 233.5721469090121
  b: 2.65532825436652
  nz: 0.002733051833155817
  z: 2.0
redshift: 2.0
sigma_fnl: 4.2736312823091245
