Volume: 41860000000.0
alpha: 0.6214621502593626
himass:
  M: 112.88378916846882
  b: 2.22589211736276
  nz: 0.006712239930289286
  z: 2.0
kmax: 0.1
kmin: 0.005
lomass:
  M: 8.858667904100832
  b: 1.3833077015016262
  nz: 0.10330541125936447
  z: 2.0
redshift: 2.0
sigma_fnl: 1.5512220948036188e-07
