Volume: 41860000000.0
alpha: 0.6879131707776417
himass:
  M: 483.29302385717517
  b: 3.2357166746008534
  nz: 0.0010063208434547923
  z: 2.0
kmax: 0.1
kmin: 0.005
lomass:
  M: 112.88378916846882
  b: 2.22589211736276
  nz: 0.006712239930289286
  z: 2.0
redshift: 2.0
sigma_fnl: 2.3365329618883114e-07
