Volume: 25000000000.0
alpha: 1.0935541397955326
himass:
  M: 4.281332398719395
  b: 1.249253473151541
  nz: 0.2119200975180835
  z: 2.0
kmax: 0.1
kmin: 0.001
lomass:
  M: 2.06913808111479
  b: 1.1423791723609773
  nz: 0.4272078470977463
  z: 2.0
redshift: 2.0
sigma_fnl: 0.7246212082727239
