Volume: 41860000000.0
alpha: 0.8928756265282991
himass:
  M: 1000.0
  b: 4.034567666627055
  nz: 0.00032018089559189057
  z: 2.0
kmax: 0.1
kmin: 0.001
lomass:
  M: 695.1927961775591
  b: 3.6023671331104494
  nz: 0.0005799437781013033
  z: 2.0
redshift: 2.0
sigma_fnl: 8.382655628777774e-07
