Volume: 41860000000.0
alpha: 0.9518863592881515
himass:
  M: 6.1584821106602545
  b: 1.3123977047909052
  nz: 0.14833533003661406
  z: 2.0
kmax: 0.1
kmin: 0.01
lomass:
  M: 4.281332398719395
  b: 1.249253473151541
  nz: 0.2119200975180835
  z: 2.0
redshift: 2.0
sigma_fnl: 9.4199675503363e-07
