Volume: 25000000000.0
alpha: 1.1309360145160623
himass:
  M: 26.366508987303554
  b: 1.654500288440251
  nz: 0.03394161006343396
  z: 2.0
kmax: 0.1
kmin: 0.001
lomass:
  M: 12.742749857031322
  b: 1.4629477416971521
  nz: 0.07171595392654084
  z: 2.0
redshift: 2.0
sigma_fnl: 1.2983866178207661
