Volume: 41860000000.0
alpha: 0.3390473169472599
himass:
  M: 483.29302385717517
  b: 3.2357166746008534
  nz: 0.0010063208434547923
  z: 2.0
kmax: 0.1
kmin: 0.01
lomass:
  M: 1.43844988828766
  b: 1.0970610569249295
  nz: 0.6036382971950836
  z: 2.0
redshift: 2.0
sigma_fnl: 9.640196240237399e-08
