Volume: 25000000000.0
alpha: 1.0386056939352661
himass:
  M: 1.43844988828766
  b: 1.0970610569249295
  nz: 0.6036382971950836
  z: 2.0
kmax: 0.1
kmin: 0.01
lomass:
  M: 1.0
  b: 1.056282536607494
  nz: 0.8506209052033976
  z: 2.0
redshift: 2.0
sigma_fnl: 1.5800225727461887
