Volume: 25000000000.0
alpha: 1.1488284595372544
himass:
  M: 6.1584821106602545
  b: 1.3123977047909052
  nz: 0.14833533003661406
  z: 2.0
kmax: 0.1
kmin: 0.001
lomass:
  M: 2.06913808111479
  b: 1.1423791723609773
  nz: 0.4272078470977463
  z: 2.0
redshift: 2.0
sigma_fnl: 0.5209186814200182
