Volume: 25000000000.0
alpha: 1.7548411859403459
himass:
  M: 695.1927961775591
  b: 3.6023671331104494
  nz: 0.0005799437781013033
  z: 2.0
kmax: 0.1
kmin: 0.001
lomass:
  M: 78.47599703514622
  b: 2.0528166092591973
  nz: 0.010262182272677958
  z: 2.0
redshift: 2.0
sigma_fnl: 1.4790256063110792
