Volume: 25000000000.0
alpha: 1.6637761450709945
himass:
  M: 1000.0
  b: 4.034567666627055
  nz: 0.00032018089559189057
  z: 2.0
kmax: 0.1
kmin: 0.001
lomass:
  M: 162.37767391887175
  b: 2.424946215618987
  nz: 0.0043276023775839015
  z: 2.0
redshift: 2.0
sigma_fnl: 2.297172788435255
