Volume: 25000000000.0
alpha: 2.2117787138774543
himass:
  M: 483.29302385717517
  b: 3.2357166746008534
  nz: 0.0010063208434547923
  z: 2.0
kmax: 0.1
kmin: 0.001
lomass:
  M: 12.742749857031322
  b: 1.4629477416971521
  nz: 0.07171595392654084
  z: 2.0
redshift: 2.0
sigma_fnl: 0.665890679202626
