Volume: 41860000000.0
alpha: 0.38486536922830566
himass:
  M: 1000.0
  b: 4.034567666627055
  nz: 0.00032018089559189057
  z: 2.0
kmax: 0.1
kmin: 0.01
lomass:
  M: 18.329807108324374
  b: 1.552765374693005
  nz: 0.049531462500880516
  z: 2.0
redshift: 2.0
sigma_fnl: 1.1228204102879532e-07
