Volume: 41860000000.0
alpha: 0.9089210220448241
himass:
  M: 6.1584821106602545
  b: 1.3123977047909052
  nz: 0.14833533003661406
  z: 2.0
kmax: 0.1
kmin: 0.001
lomass:
  M: 2.976351441631313
  b: 1.1928658631678308
  nz: 0.301453320739754
  z: 2.0
redshift: 2.0
sigma_fnl: 4.706074586691107e-07
