Volume: 25000000000.0
alpha: 1.4239465801691036
himass:
  M: 335.9818286283788
  b: 2.923101190468969
  nz: 0.0016833973679739973
  z: 2.0
kmax: 0.1
kmin: 0.01
lomass:
  M: 78.47599703514622
  b: 2.0528166092591973
  nz: 0.010262182272677958
  z: 2.0
redshift: 2.0
sigma_fnl: 2.3700315110285954
