Volume: 41860000000.0
alpha: 0.7432976088708672
himass:
  M: 112.88378916846882
  b: 2.22589211736276
  nz: 0.006712239930289286
  z: 2.0
kmax: 0.1
kmin: 0.01
lomass:
  M: 26.366508987303554
  b: 1.654500288440251
  nz: 0.03394161006343396
  z: 2.0
redshift: 2.0
sigma_fnl: 2.4763607335999097e-07
