Volume: 41860000000.0
alpha: 0.6010423956146632
himass:
  M: 1000.0
  b: 4.034567666627055
  nz: 0.00032018089559189057
  z: 2.0
kmax: 0.1
kmin: 0.005
lomass:
  M: 162.37767391887175
  b: 2.424946215618987
  nz: 0.0043276023775839015
  z: 2.0
redshift: 2.0
sigma_fnl: 1.87171662984176e-07
