Volume: 25000000000.0
alpha: 1.0894266603055618
himass:
  M: 162.37767391887175
  b: 2.424946215618987
  nz: 0.0043276023775839015
  z: 2.0
kmax: 0.1
kmin: 0.01
lomass:
  M: 112.88378916846882
  b: 2.22589211736276
  nz: 0.006712239930289286
  z: 2.0
redshift: 2.0
sigma_fnl: 8.041639608582864
