Volume: 25000000000.0
alpha: 1.3243911856145398
himass:
  M: 26.366508987303554
  b: 1.654500288440251
  nz: 0.03394161006343396
  z: 2.0
kmax: 0.1
kmin: 0.005
lomass:
  M: 4.281332398719395
  b: 1.249253473151541
  nz: 0.2119200975180835
  z: 2.0
redshift: 2.0
sigma_fnl: 0.5886388721611517
