Volume: 25000000000.0
alpha: 2.5138428046862793
himass:
  M: 233.5721469090121
  b: 2.65532825436652
  nz: 0.002733051833155817
  z: 2.0
kmax: 0.1
kmin: 0.005
lomass:
  M: 1.0
  b: 1.056282536607494
  nz: 0.8506209052033976
  z: 2.0
redshift: 2.0
sigma_fnl: 0.39671495163818493
