Volume: 25000000000.0
alpha: 1.0413086538347052
himass:
  M: 2.06913808111479
  b: 1.1423791723609773
  nz: 0.4272078470977463
  z: 2.0
kmax: 0.1
kmin: 0.005
lomass:
  M: 1.43844988828766
  b: 1.0970610569249295
  nz: 0.6036382971950836
  z: 2.0
redshift: 2.0
sigma_fnl: 1.53005832225308
