Volume: 25000000000.0
alpha: 1.3802353746021934
himass:
  M: 1000.0
  b: 4.034567666627055
  nz: 0.00032018089559189057
  z: 2.0
kmax: 0.1
kmin: 0.005
lomass:
  M: 335.9818286283788
  b: 2.923101190468969
  nz: 0.0016833973679739973
  z: 2.0
redshift: 2.0
sigma_fnl: 5.346181089735859
