Volume: 41860000000.0
alpha: 0.9083942297394472
himass:
  M: 335.9818286283788
  b: 2.923101190468969
  nz: 0.0016833973679739973
  z: 2.0
kmax: 0.1
kmin: 0.001
lomass:
  M: 233.5721469090121
  b: 2.65532825436652
  nz: 0.002733051833155817
  z: 2.0
redshift: 2.0
sigma_fnl: 8.860508972933099e-07
