Volume: 41860000000.0
alpha: 0.846541088638207
himass:
  M: 162.37767391887175
  b: 2.424946215618987
  nz: 0.0043276023775839015
  z: 2.0
kmax: 0.1
kmin: 0.005
lomass:
  M: 78.47599703514622
  b: 2.0528166092591973
  nz: 0.010262182272677958
  z: 2.0
redshift: 2.0
sigma_fnl: 4.660903747570495e-07
