Volume: 25000000000.0
alpha: 1.5368999646019152
himass:
  M: 335.9818286283788
  b: 2.923101190468969
  nz: 0.0016833973679739973
  z: 2.0
kmax: 0.1
kmin: 0.01
lomass:
  M: 54.555947811685144
  b: 1.901946293053696
  nz: 0.015477205769745903
  z: 2.0
redshift: 2.0
sigma_fnl: 1.8178788734044702
