Volume: 41860000000.0
alpha: 0.3613568151699972
himass:
  M: 335.9818286283788
  b: 2.923101190468969
  nz: 0.0016833973679739973
  z: 2.0
kmax: 0.1
kmin: 0.005
lomass:
  M: 1.0
  b: 1.056282536607494
  nz: 0.8506209052033976
  z: 2.0
redshift: 2.0
sigma_fnl: 9.608502010336633e-08
