Volume: 41860000000.0
alpha: 0.7730933476429777
himass:
  M: 233.5721469090121
  b: 2.65532825436652
  nz: 0.002733051833155817
  z: 2.0
kmax: 0.1
kmin: 0.01
lomass:
  M: 78.47599703514622
  b: 2.0528166092591973
  nz: 0.010262182272677958
  z: 2.0
redshift: 2.0
sigma_fnl: 3.136077563096733e-07
