Volume: 25000000000.0
alpha: 1.2806148580892363
himass:
  M: 12.742749857031322
  b: 1.4629477416971521
  nz: 0.07171595392654084
  z: 2.0
kmax: 0.1
kmin: 0.001
lomass:
  M: 2.06913808111479
  b: 1.1423791723609773
  nz: 0.4272078470977463
  z: 2.0
redshift: 2.0
sigma_fnl: 0.3716310722056397
