Volume: 41860000000.0
alpha: 0.4080823021307904
himass:
  M: 335.9818286283788
  b: 2.923101190468969
  nz: 0.0016833973679739973
  z: 2.0
kmax: 0.1
kmin: 0.001
lomass:
  M: 2.976351441631313
  b: 1.1928658631678308
  nz: 0.301453320739754
  z: 2.0
redshift: 2.0
sigma_fnl: 1.0463388878098227e-07
