Volume: 41860000000.0
alpha: 0.4061073421003527
himass:
  M: 695.1927961775591
  b: 3.6023671331104494
  nz: 0.0005799437781013033
  z: 2.0
kmax: 0.1
kmin: 0.001
lomass:
  M: 12.742749857031322
  b: 1.4629477416971521
  nz: 0.07171595392654084
  z: 2.0
redshift: 2.0
sigma_fnl: 1.1267597944778836e-07
