Volume: 41860000000.0
alpha: 0.7843251453592379
himass:
  M: 162.37767391887175
  b: 2.424946215618987
  nz: 0.0043276023775839015
  z: 2.0
kmax: 0.1
kmin: 0.005
lomass:
  M: 54.555947811685144
  b: 1.901946293053696
  nz: 0.015477205769745903
  z: 2.0
redshift: 2.0
sigma_fnl: 3.171816611418331e-07
