Volume: 41860000000.0
alpha: 0.9033860144227716
himass:
  M: 483.29302385717517
  b: 3.2357166746008534
  nz: 0.0010063208434547923
  z: 2.0
kmax: 0.1
kmin: 0.001
lomass:
  M: 335.9818286283788
  b: 2.923101190468969
  nz: 0.0016833973679739973
  z: 2.0
redshift: 2.0
sigma_fnl: 8.69564159384476e-07
