Volume: 25000000000.0
alpha: 1.2424684299013282
himass:
  M: 6.1584821106602545
  b: 1.3123977047909052
  nz: 0.14833533003661406
  z: 2.0
kmax: 0.1
kmin: 0.001
lomass:
  M: 1.0
  b: 1.056282536607494
  nz: 0.8506209052033976
  z: 2.0
redshift: 2.0
sigma_fnl: 0.2983195417272053
