Volume: 41860000000.0
alpha: 0.4942506458976399
himass:
  M: 233.5721469090121
  b: 2.65532825436652
  nz: 0.002733051833155817
  z: 2.0
kmax: 0.1
kmin: 0.001
lomass:
  M: 6.1584821106602545
  b: 1.3123977047909052
  nz: 0.14833533003661406
  z: 2.0
redshift: 2.0
sigma_fnl: 1.2050642861050903e-07
