Volume: 25000000000.0
alpha: 2.9166089816802137
himass:
  M: 1000.0
  b: 4.034567666627055
  nz: 0.00032018089559189057
  z: 2.0
kmax: 0.1
kmin: 0.01
lomass:
  M: 8.858667904100832
  b: 1.3833077015016262
  nz: 0.10330541125936447
  z: 2.0
redshift: 2.0
sigma_fnl: 1.0546844048601225
