Volume: 41860000000.0
alpha: 0.5470549768548704
himass:
  M: 483.29302385717517
  b: 3.2357166746008534
  nz: 0.0010063208434547923
  z: 2.0
kmax: 0.1
kmin: 0.01
lomass:
  M: 37.92690190732254
  b: 1.7701149105326879
  nz: 0.02304565518994703
  z: 2.0
redshift: 2.0
sigma_fnl: 1.500885793291817e-07
