Volume: 25000000000.0
alpha: 1.1133135238284806
himass:
  M: 695.1927961775591
  b: 3.6023671331104494
  nz: 0.0005799437781013033
  z: 2.0
kmax: 0.1
kmin: 0.005
lomass:
  M: 483.29302385717517
  b: 3.2357166746008534
  nz: 0.0010063208434547923
  z: 2.0
redshift: 2.0
sigma_fnl: 14.850629739738782
