Volume: 25000000000.0
alpha: 1.6049125363826806
himass:
  M: 233.5721469090121
  b: 2.65532825436652
  nz: 0.002733051833155817
  z: 2.0
kmax: 0.1
kmin: 0.005
lomass:
  M: 26.366508987303554
  b: 1.654500288440251
  nz: 0.03394161006343396
  z: 2.0
redshift: 2.0
sigma_fnl: 1.0808864550476693
