Volume: 25000000000.0
alpha: 3.2836523640789075
himass:
  M: 695.1927961775591
  b: 3.6023671331104494
  nz: 0.0005799437781013033
  z: 2.0
kmax: 0.1
kmin: 0.01
lomass:
  M: 1.43844988828766
  b: 1.0970610569249295
  nz: 0.6036382971950836
  z: 2.0
redshift: 2.0
sigma_fnl: 0.6521211059630758
