Volume: 41860000000.0
alpha: 0.6731535476577527
himass:
  M: 695.1927961775591
  b: 3.6023671331104494
  nz: 0.0005799437781013033
  z: 2.0
kmax: 0.1
kmin: 0.01
lomass:
  M: 162.37767391887175
  b: 2.424946215618987
  nz: 0.0043276023775839015
  z: 2.0
redshift: 2.0
sigma_fnl: 2.3017146811227107e-07
