Volume: 41860000000.0
alpha: 0.6393156109860744
himass:
  M: 78.47599703514622
  b: 2.0528166092591973
  nz: 0.010262182272677958
  z: 2.0
kmax: 0.1
kmin: 0.001
lomass:
  M: 6.1584821106602545
  b: 1.3123977047909052
  nz: 0.14833533003661406
  z: 2.0
redshift: 2.0
sigma_fnl: 1.5567430727579162e-07
