Volume: 25000000000.0
alpha: 1.9557063224517564
himass:
  M: 483.29302385717517
  b: 3.2357166746008534
  nz: 0.0010063208434547923
  z: 2.0
kmax: 0.1
kmin: 0.005
lomass:
  M: 26.366508987303554
  b: 1.654500288440251
  nz: 0.03394161006343396
  z: 2.0
redshift: 2.0
sigma_fnl: 1.0831536036179858
