Volume: 41860000000.0
alpha: 0.8539289801987688
himass:
  M: 12.742749857031322
  b: 1.4629477416971521
  nz: 0.07171595392654084
  z: 2.0
kmax: 0.1
kmin: 0.001
lomass:
  M: 4.281332398719395
  b: 1.249253473151541
  nz: 0.2119200975180835
  z: 2.0
redshift: 2.0
sigma_fnl: 3.246776132406291e-07
