Volume: 25000000000.0
alpha: 1.8711963170156252
himass:
  M: 78.47599703514622
  b: 2.0528166092591973
  nz: 0.010262182272677958
  z: 2.0
kmax: 0.1
kmin: 0.001
lomass:
  M: 1.43844988828766
  b: 1.0970610569249295
  nz: 0.6036382971950836
  z: 2.0
redshift: 2.0
sigma_fnl: 0.2884727708330955
