Volume: 25000000000.0
alpha: 1.1703233290509736
himass:
  M: 112.88378916846882
  b: 2.22589211736276
  nz: 0.006712239930289286
  z: 2.0
kmax: 0.1
kmin: 0.001
lomass:
  M: 54.555947811685144
  b: 1.901946293053696
  nz: 0.015477205769745903
  z: 2.0
redshift: 2.0
sigma_fnl: 2.2358701496363143
