Volume: 41860000000.0
alpha: 0.8854998447204954
himass:
  M: 2.976351441631313
  b: 1.1928658631678308
  nz: 0.301453320739754
  z: 2.0
kmax: 0.1
kmin: 0.01
lomass:
  M: 1.0
  b: 1.056282536607494
  nz: 0.8506209052033976
  z: 2.0
redshift: 2.0
sigma_fnl: 3.045364633128722e-07
