Volume: 41860000000.0
alpha: 0.6666275281113908
himass:
  M: 233.5721469090121
  b: 2.65532825436652
  nz: 0.002733051833155817
  z: 2.0
kmax: 0.1
kmin: 0.01
lomass:
  M: 37.92690190732254
  b: 1.7701149105326879
  nz: 0.02304565518994703
  z: 2.0
redshift: 2.0
sigma_fnl: 1.9953329312362834e-07
