Volume: 25000000000.0
alpha: 1.1960464664833692
himass:
  M: 26.366508987303554
  b: 1.654500288440251
  nz: 0.03394161006343396
  z: 2.0
kmax: 0.1
kmin: 0.005
lomass:
  M: 8.858667904100832
  b: 1.3833077015016262
  nz: 0.10330541125936447
  z: 2.0
redshift: 2.0
sigma_fnl: 1.0432495026391155
