Volume: 41860000000.0
alpha: 0.6581444342427909
himass:
  M: 1000.0
  b: 4.034567666627055
  nz: 0.00032018089559189057
  z: 2.0
kmax: 0.1
kmin: 0.01
lomass:
  M: 233.5721469090121
  b: 2.65532825436652
  nz: 0.002733051833155817
  z: 2.0
redshift: 2.0
sigma_fnl: 2.2558777192136156e-07
