Volume: 41860000000.0
alpha: 0.4913754887065854
himass:
  M: 695.1927961775591
  b: 3.6023671331104494
  nz: 0.0005799437781013033
  z: 2.0
kmax: 0.1
kmin: 0.001
lomass:
  M: 37.92690190732254
  b: 1.7701149105326879
  nz: 0.02304565518994703
  z: 2.0
redshift: 2.0
sigma_fnl: 1.3529610717713964e-07
