Volume: 41860000000.0
alpha: 0.9455619377742528
himass:
  M: 12.742749857031322
  b: 1.4629477416971521
  nz: 0.07171595392654084
  z: 2.0
kmax: 0.1
kmin: 0.001
lomass:
  M: 8.858667904100832
  b: 1.3833077015016262
  nz: 0.10330541125936447
  z: 2.0
redshift: 2.0
sigma_fnl: 9.597655691775674e-07
