Volume: 41860000000.0
alpha: 0.8781733095024585
himass:
  M: 4.281332398719395
  b: 1.249253473151541
  nz: 0.2119200975180835
  z: 2.0
kmax: 0.1
kmin: 0.01
lomass:
  M: 1.43844988828766
  b: 1.0970610569249295
  nz: 0.6036382971950836
  z: 2.0
redshift: 2.0
sigma_fnl: 3.1143659693977197e-07
