Volume: 41860000000.0
alpha: 0.7814790402987689
himass:
  M: 37.92690190732254
  b: 1.7701149105326879
  nz: 0.02304565518994703
  z: 2.0
kmax: 0.1
kmin: 0.001
lomass:
  M: 8.858667904100832
  b: 1.3833077015016262
  nz: 0.10330541125936447
  z: 2.0
redshift: 2.0
sigma_fnl: 2.5112175642717963e-07
