Volume: 25000000000.0
alpha: 2.7351430130128747
himass:
  M: 233.5721469090121
  b: 4.467615719669112
  nz: 0.0008714298814707154
  z: 3.0
kmax: 0.1
kmin: 0.001
lomass:
  M: 2.06913808111479
  b: 1.633412109865453
  nz: 0.34425601271188977
  z: 3.0
redshift: 3.0
sigma_fnl: 0.4874316595746527
