Volume: 25000000000.0
alpha: 1.875563163289588
himass:
  M: 695.1927961775591
  b: 6.254776743976475
  nz: 0.00010655345984083428
  z: 3.0
kmax: 0.1
kmin: 0.001
lomass:
  M: 78.47599703514622
  b: 3.334879286606427
  nz: 0.004696191139099707
  z: 3.0
redshift: 3.0
sigma_fnl: 2.862675128799834
