Volume: 25000000000.0
alpha: 1.4399284177585912
himass:
  M: 12.742749857031322
  b: 2.230694411210151
  nz: 0.047262398796419414
  z: 3.0
kmax: 0.1
kmin: 0.001
lomass:
  M: 1.43844988828766
  b: 1.5491703502056549
  nz: 0.500333117296766
  z: 3.0
redshift: 3.0
sigma_fnl: 0.2827252029597419
