Volume: 25000000000.0
alpha: 1.288282329446295
himass:
  M: 78.47599703514622
  b: 3.334879286606427
  nz: 0.004696191139099707
  z: 3.0
kmax: 0.1
kmin: 0.01
lomass:
  M: 26.366508987303554
  b: 2.5886245665107905
  nz: 0.019857528979232538
  z: 3.0
redshift: 3.0
sigma_fnl: 2.1306012782134065
