Volume: 25000000000.0
alpha: 1.1723286210914141
himass:
  M: 2.976351441631313
  b: 1.7273207877214998
  nz: 0.23537877449366834
  z: 3.0
kmax: 0.1
kmin: 0.005
lomass:
  M: 1.0
  b: 1.47341006322391
  nz: 0.7230611596856078
  z: 3.0
redshift: 3.0
sigma_fnl: 0.44704919124540626
