Volume: 25000000000.0
alpha: 2.1457311031946595
himass:
  M: 233.5721469090121
  b: 4.467615719669112
  nz: 0.0008714298814707154
  z: 3.0
kmax: 0.1
kmin: 0.001
lomass:
  M: 8.858667904100832
  b: 2.082094868745449
  nz: 0.0715595238868841
  z: 3.0
redshift: 3.0
sigma_fnl: 0.7521260824026247
