Volume: 25000000000.0
alpha: 1.4000256818058932
himass:
  M: 695.1927961775591
  b: 6.254776743976475
  nz: 0.00010655345984083428
  z: 3.0
kmax: 0.1
kmin: 0.001
lomass:
  M: 233.5721469090121
  b: 4.467615719669112
  nz: 0.0008714298814707154
  z: 3.0
redshift: 3.0
sigma_fnl: 6.7444239666052646
