Volume: 25000000000.0
alpha: 1.4381641959379738
himass:
  M: 162.37767391887175
  b: 4.034017731345623
  nz: 0.0015819833198896583
  z: 3.0
kmax: 0.1
kmin: 0.01
lomass:
  M: 37.92690190732254
  b: 2.8049771665429533
  nz: 0.01255162678602288
  z: 3.0
redshift: 3.0
sigma_fnl: 2.3002071770534562
