Volume: 25000000000.0
alpha: 1.5197587140175344
himass:
  M: 483.29302385717517
  b: 5.562069174811098
  nz: 0.00022848885239320832
  z: 3.0
kmax: 0.1
kmin: 0.01
lomass:
  M: 112.88378916846882
  b: 3.6598370014326664
  nz: 0.002764265137616136
  z: 3.0
redshift: 3.0
sigma_fnl: 4.976750467823715
