Volume: 25000000000.0
alpha: 1.9324370210570476
himass:
  M: 1000.0
  b: 7.072404512602899
  nz: 4.5916846700745966e-05
  z: 3.0
kmax: 0.1
kmin: 0.005
lomass:
  M: 112.88378916846882
  b: 3.6598370014326664
  nz: 0.002764265137616136
  z: 3.0
redshift: 3.0
sigma_fnl: 5.104666951449056
