Volume: 25000000000.0
alpha: 2.713679462947459
himass:
  M: 335.9818286283788
  b: 4.972215434093404
  nz: 0.0004585638260541108
  z: 3.0
kmax: 0.1
kmin: 0.005
lomass:
  M: 4.281332398719395
  b: 1.8322780939989278
  nz: 0.15972301831699917
  z: 3.0
redshift: 3.0
sigma_fnl: 0.8559806315221523
