Volume: 25000000000.0
alpha: 2.0713438898084418
himass:
  M: 54.555947811685144
  b: 3.0519389316411156
  nz: 0.007771060315405916
  z: 3.0
kmax: 0.1
kmin: 0.01
lomass:
  M: 1.0
  b: 1.47341006322391
  nz: 0.7230611596856078
  z: 3.0
redshift: 3.0
sigma_fnl: 0.3862071079187348
