Volume: 25000000000.0
alpha: 1.0607630655657636
himass:
  M: 4.281332398719395
  b: 1.8322780939989278
  nz: 0.15972301831699917
  z: 3.0
kmax: 0.1
kmin: 0.005
lomass:
  M: 2.976351441631313
  b: 1.7273207877214998
  nz: 0.23537877449366834
  z: 3.0
redshift: 3.0
sigma_fnl: 1.6986515722152318
