Volume: 25000000000.0
alpha: 1.9306658672275052
himass:
  M: 78.47599703514622
  b: 3.334879286606427
  nz: 0.004696191139099707
  z: 3.0
kmax: 0.1
kmin: 0.005
lomass:
  M: 2.976351441631313
  b: 1.7273207877214998
  nz: 0.23537877449366834
  z: 3.0
redshift: 3.0
sigma_fnl: 0.5050916211750822
