Volume: 25000000000.0
alpha: 1.188914949606011
himass:
  M: 78.47599703514622
  b: 3.334879286606427
  nz: 0.004696191139099707
  z: 3.0
kmax: 0.1
kmin: 0.01
lomass:
  M: 37.92690190732254
  b: 2.8049771665429533
  nz: 0.01255162678602288
  z: 3.0
redshift: 3.0
sigma_fnl: 3.4049483987266
