Volume: 25000000000.0
alpha: 1.3047653453604762
himass:
  M: 112.88378916846882
  b: 3.6598370014326664
  nz: 0.002764265137616136
  z: 3.0
kmax: 0.1
kmin: 0.001
lomass:
  M: 37.92690190732254
  b: 2.8049771665429533
  nz: 0.01255162678602288
  z: 3.0
redshift: 3.0
sigma_fnl: 1.8107329657482352
