Volume: 25000000000.0
alpha: 1.5583633808988682
himass:
  M: 162.37767391887175
  b: 4.034017731345623
  nz: 0.0015819833198896583
  z: 3.0
kmax: 0.1
kmin: 0.001
lomass:
  M: 26.366508987303554
  b: 2.5886245665107905
  nz: 0.019857528979232538
  z: 3.0
redshift: 3.0
sigma_fnl: 1.2183533067493542
