Volume: 25000000000.0
alpha: 1.4658020522763398
himass:
  M: 54.555947811685144
  b: 3.0519389316411156
  nz: 0.007771060315405916
  z: 3.0
kmax: 0.1
kmin: 0.001
lomass:
  M: 8.858667904100832
  b: 2.082094868745449
  nz: 0.0715595238868841
  z: 3.0
redshift: 3.0
sigma_fnl: 0.6690617905857266
