Volume: 25000000000.0
alpha: 2.416254881026372
himass:
  M: 695.1927961775591
  b: 6.254776743976475
  nz: 0.00010655345984083428
  z: 3.0
kmax: 0.1
kmin: 0.01
lomass:
  M: 26.366508987303554
  b: 2.5886245665107905
  nz: 0.019857528979232538
  z: 3.0
redshift: 3.0
sigma_fnl: 2.4826965347227636
