Volume: 25000000000.0
alpha: 1.565177007446509
himass:
  M: 54.555947811685144
  b: 3.0519389316411156
  nz: 0.007771060315405916
  z: 3.0
kmax: 0.1
kmin: 0.005
lomass:
  M: 6.1584821106602545
  b: 1.9499001819737745
  nz: 0.10744797315351674
  z: 3.0
redshift: 3.0
sigma_fnl: 0.6768427097750399
