Volume: 25000000000.0
alpha: 1.8200726721171936
himass:
  M: 78.47599703514622
  b: 3.334879286606427
  nz: 0.004696191139099707
  z: 3.0
kmax: 0.1
kmin: 0.01
lomass:
  M: 4.281332398719395
  b: 1.8322780939989278
  nz: 0.15972301831699917
  z: 3.0
redshift: 3.0
sigma_fnl: 0.6649380882039472
