Volume: 25000000000.0
alpha: 1.3440064021810432
himass:
  M: 8.858667904100832
  b: 2.082094868745449
  nz: 0.0715595238868841
  z: 3.0
kmax: 0.1
kmin: 0.001
lomass:
  M: 1.43844988828766
  b: 1.5491703502056549
  nz: 0.500333117296766
  z: 3.0
redshift: 3.0
sigma_fnl: 0.30140041029554654
