Volume: 25000000000.0
alpha: 1.388531293113873
himass:
  M: 18.329807108324374
  b: 2.3984389669974076
  nz: 0.030867793833877912
  z: 3.0
kmax: 0.1
kmin: 0.005
lomass:
  M: 2.976351441631313
  b: 1.7273207877214998
  nz: 0.23537877449366834
  z: 3.0
redshift: 3.0
sigma_fnl: 0.5095034065555797
