Volume: 25000000000.0
alpha: 1.0927083933534563
himass:
  M: 78.47599703514622
  b: 3.334879286606427
  nz: 0.004696191139099707
  z: 3.0
kmax: 0.1
kmin: 0.01
lomass:
  M: 54.555947811685144
  b: 3.0519389316411156
  nz: 0.007771060315405916
  z: 3.0
redshift: 3.0
sigma_fnl: 7.354647888557317
