Volume: 25000000000.0
alpha: 1.6678472282788561
himass:
  M: 483.29302385717517
  b: 5.562069174811098
  nz: 0.00022848885239320832
  z: 3.0
kmax: 0.1
kmin: 0.01
lomass:
  M: 78.47599703514622
  b: 3.334879286606427
  nz: 0.004696191139099707
  z: 3.0
redshift: 3.0
sigma_fnl: 3.7794553839202205
