Volume: 25000000000.0
alpha: 1.9037315113794555
himass:
  M: 37.92690190732254
  b: 2.8049771665429533
  nz: 0.01255162678602288
  z: 3.0
kmax: 0.1
kmin: 0.005
lomass:
  M: 1.0
  b: 1.47341006322391
  nz: 0.7230611596856078
  z: 3.0
redshift: 3.0
sigma_fnl: 0.3163963931247327
