Volume: 25000000000.0
alpha: 3.627059773615643
himass:
  M: 1000.0
  b: 7.072404512602899
  nz: 4.5916846700745966e-05
  z: 3.0
kmax: 0.1
kmin: 0.005
lomass:
  M: 6.1584821106602545
  b: 1.9499001819737745
  nz: 0.10744797315351674
  z: 3.0
redshift: 3.0
sigma_fnl: 1.7514878101543492
