Volume: 25000000000.0
alpha: 2.0494436107910916
himass:
  M: 695.1927961775591
  b: 6.254776743976475
  nz: 0.00010655345984083428
  z: 3.0
kmax: 0.1
kmin: 0.001
lomass:
  M: 54.555947811685144
  b: 3.0519389316411156
  nz: 0.007771060315405916
  z: 3.0
redshift: 3.0
sigma_fnl: 2.3599157674386686
