Volume: 25000000000.0
alpha: 2.8838763400526153
himass:
  M: 233.5721469090121
  b: 4.467615719669112
  nz: 0.0008714298814707154
  z: 3.0
kmax: 0.1
kmin: 0.01
lomass:
  M: 1.43844988828766
  b: 1.5491703502056549
  nz: 0.500333117296766
  z: 3.0
redshift: 3.0
sigma_fnl: 0.6459390731825553
