Volume: 25000000000.0
alpha: 1.810631843147907
himass:
  M: 37.92690190732254
  b: 2.8049771665429533
  nz: 0.01255162678602288
  z: 3.0
kmax: 0.1
kmin: 0.01
lomass:
  M: 1.43844988828766
  b: 1.5491703502056549
  nz: 0.500333117296766
  z: 3.0
redshift: 3.0
sigma_fnl: 0.4085100466816069
