Volume: 25000000000.0
alpha: 1.083578207064528
himass:
  M: 37.92690190732254
  b: 2.8049771665429533
  nz: 0.01255162678602288
  z: 3.0
kmax: 0.1
kmin: 0.005
lomass:
  M: 26.366508987303554
  b: 2.5886245665107905
  nz: 0.019857528979232538
  z: 3.0
redshift: 3.0
sigma_fnl: 4.376201899816019
