Volume: 25000000000.0
alpha: 1.3904374188772224
himass:
  M: 78.47599703514622
  b: 3.334879286606427
  nz: 0.004696191139099707
  z: 3.0
kmax: 0.1
kmin: 0.001
lomass:
  M: 18.329807108324374
  b: 2.3984389669974076
  nz: 0.030867793833877912
  z: 3.0
redshift: 3.0
sigma_fnl: 1.0520067685171006
