Volume: 25000000000.0
alpha: 1.1085930187631874
himass:
  M: 2.06913808111479
  b: 1.633412109865453
  nz: 0.34425601271188977
  z: 3.0
kmax: 0.1
kmin: 0.005
lomass:
  M: 1.0
  b: 1.47341006322391
  nz: 0.7230611596856078
  z: 3.0
redshift: 3.0
sigma_fnl: 0.6138688157192629
