Volume: 25000000000.0
alpha: 1.3471898944898086
himass:
  M: 37.92690190732254
  b: 2.8049771665429533
  nz: 0.01255162678602288
  z: 3.0
kmax: 0.1
kmin: 0.01
lomass:
  M: 8.858667904100832
  b: 2.082094868745449
  nz: 0.0715595238868841
  z: 3.0
redshift: 3.0
sigma_fnl: 1.0528052672181119
