Volume: 25000000000.0
alpha: 1.2325715366736447
himass:
  M: 335.9818286283788
  b: 4.972215434093404
  nz: 0.0004585638260541108
  z: 3.0
kmax: 0.1
kmin: 0.005
lomass:
  M: 162.37767391887175
  b: 4.034017731345623
  nz: 0.0015819833198896583
  z: 3.0
redshift: 3.0
sigma_fnl: 7.495632487915596
