Volume: 25000000000.0
alpha: 1.136342171837736
himass:
  M: 8.858667904100832
  b: 2.082094868745449
  nz: 0.0715595238868841
  z: 3.0
kmax: 0.1
kmin: 0.001
lomass:
  M: 4.281332398719395
  b: 1.8322780939989278
  nz: 0.15972301831699917
  z: 3.0
redshift: 3.0
sigma_fnl: 0.8515272467006736
