Volume: 25000000000.0
alpha: 1.808413429949452
himass:
  M: 162.37767391887175
  b: 4.034017731345623
  nz: 0.0015819833198896583
  z: 3.0
kmax: 0.1
kmin: 0.01
lomass:
  M: 12.742749857031322
  b: 2.230694411210151
  nz: 0.047262398796419414
  z: 3.0
redshift: 3.0
sigma_fnl: 1.1692112908876795
