Volume: 25000000000.0
alpha: 2.31734797812611
himass:
  M: 1000.0
  b: 7.072404512602899
  nz: 4.5916846700745966e-05
  z: 3.0
kmax: 0.1
kmin: 0.001
lomass:
  M: 54.555947811685144
  b: 3.0519389316411156
  nz: 0.007771060315405916
  z: 3.0
redshift: 3.0
sigma_fnl: 2.8299485967723923
