Volume: 25000000000.0
alpha: 3.0321604495449828
himass:
  M: 233.5721469090121
  b: 4.467615719669112
  nz: 0.0008714298814707154
  z: 3.0
kmax: 0.1
kmin: 0.01
lomass:
  M: 1.0
  b: 1.47341006322391
  nz: 0.7230611596856078
  z: 3.0
redshift: 3.0
sigma_fnl: 0.5977622797477248
