Volume: 25000000000.0
alpha: 1.4223849723221873
himass:
  M: 1000.0
  b: 7.072404512602899
  nz: 4.5916846700745966e-05
  z: 3.0
kmax: 0.1
kmin: 0.005
lomass:
  M: 335.9818286283788
  b: 4.972215434093404
  nz: 0.0004585638260541108
  z: 3.0
redshift: 3.0
sigma_fnl: 12.077296491590086
