Volume: 25000000000.0
alpha: 1.7102820531206453
himass:
  M: 78.47599703514622
  b: 3.334879286606427
  nz: 0.004696191139099707
  z: 3.0
kmax: 0.1
kmin: 0.005
lomass:
  M: 6.1584821106602545
  b: 1.9499001819737745
  nz: 0.10744797315351674
  z: 3.0
redshift: 3.0
sigma_fnl: 0.6781908407036614
