Volume: 25000000000.0
alpha: 1.7090315064654527
himass:
  M: 695.1927961775591
  b: 6.254776743976475
  nz: 0.00010655345984083428
  z: 3.0
kmax: 0.1
kmin: 0.001
lomass:
  M: 112.88378916846882
  b: 3.6598370014326664
  nz: 0.002764265137616136
  z: 3.0
redshift: 3.0
sigma_fnl: 3.5949278128643942
