Volume: 25000000000.0
alpha: 1.3787914543835595
himass:
  M: 483.29302385717517
  b: 5.562069174811098
  nz: 0.00022848885239320832
  z: 3.0
kmax: 0.1
kmin: 0.005
lomass:
  M: 162.37767391887175
  b: 4.034017731345623
  nz: 0.0015819833198896583
  z: 3.0
redshift: 3.0
sigma_fnl: 6.154081113205489
