Volume: 25000000000.0
alpha: 1.1307205360149462
himass:
  M: 1000.0
  b: 7.072404512602899
  nz: 4.5916846700745966e-05
  z: 3.0
kmax: 0.1
kmin: 0.005
lomass:
  M: 695.1927961775591
  b: 6.254776743976475
  nz: 0.00010655345984083428
  z: 3.0
redshift: 3.0
sigma_fnl: 43.70906655632627
