Volume: 25000000000.0
alpha: 1.0880441267201242
himass:
  M: 54.555947811685144
  b: 3.0519389316411156
  nz: 0.007771060315405916
  z: 3.0
kmax: 0.1
kmin: 0.005
lomass:
  M: 37.92690190732254
  b: 2.8049771665429533
  nz: 0.01255162678602288
  z: 3.0
redshift: 3.0
sigma_fnl: 5.264541388024464
