Volume: 25000000000.0
alpha: 1.2724688739784031
himass:
  M: 54.555947811685144
  b: 3.0519389316411156
  nz: 0.007771060315405916
  z: 3.0
kmax: 0.1
kmin: 0.001
lomass:
  M: 18.329807108324374
  b: 2.3984389669974076
  nz: 0.030867793833877912
  z: 3.0
redshift: 3.0
sigma_fnl: 1.221579446206711
