Volume: 25000000000.0
alpha: 1.3585893120778327
himass:
  M: 335.9818286283788
  b: 4.972215434093404
  nz: 0.0004585638260541108
  z: 3.0
kmax: 0.1
kmin: 0.005
lomass:
  M: 112.88378916846882
  b: 3.6598370014326664
  nz: 0.002764265137616136
  z: 3.0
redshift: 3.0
sigma_fnl: 4.636418369522652
