Volume: 25000000000.0
alpha: 1.0974421221575659
himass:
  M: 112.88378916846882
  b: 3.6598370014326664
  nz: 0.002764265137616136
  z: 3.0
kmax: 0.1
kmin: 0.005
lomass:
  M: 78.47599703514622
  b: 3.334879286606427
  nz: 0.004696191139099707
  z: 3.0
redshift: 3.0
sigma_fnl: 7.915279063084672
