Volume: 25000000000.0
alpha: 1.753191231076658
himass:
  M: 1000.0
  b: 7.072404512602899
  nz: 4.5916846700745966e-05
  z: 3.0
kmax: 0.1
kmin: 0.001
lomass:
  M: 162.37767391887175
  b: 4.034017731345623
  nz: 0.0015819833198896583
  z: 3.0
redshift: 3.0
sigma_fnl: 5.125764908426401
