Volume: 25000000000.0
alpha: 3.0040786507222146
himass:
  M: 695.1927961775591
  b: 6.254776743976475
  nz: 0.00010655345984083428
  z: 3.0
kmax: 0.1
kmin: 0.001
lomass:
  M: 8.858667904100832
  b: 2.082094868745449
  nz: 0.0715595238868841
  z: 3.0
redshift: 3.0
sigma_fnl: 1.2048256454608268
