Volume: 25000000000.0
alpha: 1.1245413437686889
himass:
  M: 695.1927961775591
  b: 6.254776743976475
  nz: 0.00010655345984083428
  z: 3.0
kmax: 0.1
kmin: 0.01
lomass:
  M: 483.29302385717517
  b: 5.562069174811098
  nz: 0.00022848885239320832
  z: 3.0
redshift: 3.0
sigma_fnl: 34.87063453056085
