Volume: 25000000000.0
alpha: 1.3089928733267993
himass:
  M: 18.329807108324374
  b: 2.3984389669974076
  nz: 0.030867793833877912
  z: 3.0
kmax: 0.1
kmin: 0.01
lomass:
  M: 4.281332398719395
  b: 1.8322780939989278
  nz: 0.15972301831699917
  z: 3.0
redshift: 3.0
sigma_fnl: 0.7578775012209259
