Volume: 25000000000.0
alpha: 1.6278149761984648
himass:
  M: 18.329807108324374
  b: 2.3984389669974076
  nz: 0.030867793833877912
  z: 3.0
kmax: 0.1
kmin: 0.001
lomass:
  M: 1.0
  b: 1.47341006322391
  nz: 0.7230611596856078
  z: 3.0
redshift: 3.0
sigma_fnl: 0.23651326822643876
