Volume: 25000000000.0
alpha: 2.7378784983448186
himass:
  M: 162.37767391887175
  b: 4.034017731345623
  nz: 0.0015819833198896583
  z: 3.0
kmax: 0.1
kmin: 0.005
lomass:
  M: 1.0
  b: 1.47341006322391
  nz: 0.7230611596856078
  z: 3.0
redshift: 3.0
sigma_fnl: 0.4532065460251096
