Volume: 25000000000.0
alpha: 1.2053898057302546
himass:
  M: 8.858667904100832
  b: 2.082094868745449
  nz: 0.0715595238868841
  z: 3.0
kmax: 0.1
kmin: 0.01
lomass:
  M: 2.976351441631313
  b: 1.7273207877214998
  nz: 0.23537877449366834
  z: 3.0
redshift: 3.0
sigma_fnl: 0.7792250559200585
