Volume: 25000000000.0
alpha: 1.3656654054033535
himass:
  M: 12.742749857031322
  b: 2.230694411210151
  nz: 0.047262398796419414
  z: 3.0
kmax: 0.1
kmin: 0.005
lomass:
  M: 2.06913808111479
  b: 1.633412109865453
  nz: 0.34425601271188977
  z: 3.0
redshift: 3.0
sigma_fnl: 0.438045294489069
