Volume: 25000000000.0
alpha: 1.6656526875679067
himass:
  M: 54.555947811685144
  b: 3.0519389316411156
  nz: 0.007771060315405916
  z: 3.0
kmax: 0.1
kmin: 0.01
lomass:
  M: 4.281332398719395
  b: 1.8322780939989278
  nz: 0.15972301831699917
  z: 3.0
redshift: 3.0
sigma_fnl: 0.6475980272686327
