Volume: 25000000000.0
alpha: 1.58303778936625
himass:
  M: 1000.0
  b: 7.072404512602899
  nz: 4.5916846700745966e-05
  z: 3.0
kmax: 0.1
kmin: 0.001
lomass:
  M: 233.5721469090121
  b: 4.467615719669112
  nz: 0.0008714298814707154
  z: 3.0
redshift: 3.0
sigma_fnl: 6.776136258432632
