Volume: 25000000000.0
alpha: 1.0751983574909552
himass:
  M: 18.329807108324374
  b: 2.3984389669974076
  nz: 0.030867793833877912
  z: 3.0
kmax: 0.1
kmin: 0.01
lomass:
  M: 12.742749857031322
  b: 2.230694411210151
  nz: 0.047262398796419414
  z: 3.0
redshift: 3.0
sigma_fnl: 3.5736495308546954
