Volume: 25000000000.0
alpha: 1.5259245916999074
himass:
  M: 112.88378916846882
  b: 3.6598370014326664
  nz: 0.002764265137616136
  z: 3.0
kmax: 0.1
kmin: 0.005
lomass:
  M: 18.329807108324374
  b: 2.3984389669974076
  nz: 0.030867793833877912
  z: 3.0
redshift: 3.0
sigma_fnl: 1.2362438225537375
