Volume: 25000000000.0
alpha: 1.2300316647848109
himass:
  M: 18.329807108324374
  b: 2.3984389669974076
  nz: 0.030867793833877912
  z: 3.0
kmax: 0.1
kmin: 0.01
lomass:
  M: 6.1584821106602545
  b: 1.9499001819737745
  nz: 0.10744797315351674
  z: 3.0
redshift: 3.0
sigma_fnl: 1.0567764428331314
