Volume: 25000000000.0
alpha: 2.2406084657558547
himass:
  M: 112.88378916846882
  b: 3.6598370014326664
  nz: 0.002764265137616136
  z: 3.0
kmax: 0.1
kmin: 0.005
lomass:
  M: 2.06913808111479
  b: 1.633412109865453
  nz: 0.34425601271188977
  z: 3.0
redshift: 3.0
sigma_fnl: 0.48595164806259156
