Volume: 25000000000.0
alpha: 1.0574923360056283
himass:
  M: 2.976351441631313
  b: 1.7273207877214998
  nz: 0.23537877449366834
  z: 3.0
kmax: 0.1
kmin: 0.01
lomass:
  M: 2.06913808111479
  b: 1.633412109865453
  nz: 0.34425601271188977
  z: 3.0
redshift: 3.0
sigma_fnl: 1.6978442968657361
