Volume: 25000000000.0
alpha: 1.1991842181012011
himass:
  M: 112.88378916846882
  b: 3.6598370014326664
  nz: 0.002764265137616136
  z: 3.0
kmax: 0.1
kmin: 0.001
lomass:
  M: 54.555947811685144
  b: 3.0519389316411156
  nz: 0.007771060315405916
  z: 3.0
redshift: 3.0
sigma_fnl: 2.902141631058316
