Volume: 25000000000.0
alpha: 1.8627181183860166
himass:
  M: 233.5721469090121
  b: 4.467615719669112
  nz: 0.0008714298814707154
  z: 3.0
kmax: 0.1
kmin: 0.01
lomass:
  M: 18.329807108324374
  b: 2.3984389669974076
  nz: 0.030867793833877912
  z: 3.0
redshift: 3.0
sigma_fnl: 1.4690902906438421
