Volume: 25000000000.0
alpha: 2.2289989202940528
himass:
  M: 335.9818286283788
  b: 4.972215434093404
  nz: 0.0004585638260541108
  z: 3.0
kmax: 0.1
kmin: 0.005
lomass:
  M: 12.742749857031322
  b: 2.230694411210151
  nz: 0.047262398796419414
  z: 3.0
redshift: 3.0
sigma_fnl: 1.210042111806625
