Volume: 25000000000.0
alpha: 2.5864423976291757
himass:
  M: 233.5721469090121
  b: 4.467615719669112
  nz: 0.0008714298814707154
  z: 3.0
kmax: 0.1
kmin: 0.005
lomass:
  M: 2.976351441631313
  b: 1.7273207877214998
  nz: 0.23537877449366834
  z: 3.0
redshift: 3.0
sigma_fnl: 0.6718308656350997
