Volume: 25000000000.0
alpha: 1.2715419909970997
himass:
  M: 1000.0
  b: 7.072404512602899
  nz: 4.5916846700745966e-05
  z: 3.0
kmax: 0.1
kmin: 0.005
lomass:
  M: 483.29302385717517
  b: 5.562069174811098
  nz: 0.00022848885239320832
  z: 3.0
redshift: 3.0
sigma_fnl: 19.695840982608374
