Volume: 25000000000.0
alpha: 1.1695011651909946
himass:
  M: 37.92690190732254
  b: 2.8049771665429533
  nz: 0.01255162678602288
  z: 3.0
kmax: 0.1
kmin: 0.005
lomass:
  M: 18.329807108324374
  b: 2.3984389669974076
  nz: 0.030867793833877912
  z: 3.0
redshift: 3.0
sigma_fnl: 2.0405275498612787
