Volume: 25000000000.0
alpha: 2.120737785324691
himass:
  M: 1000.0
  b: 7.072404512602899
  nz: 4.5916846700745966e-05
  z: 3.0
kmax: 0.1
kmin: 0.01
lomass:
  M: 78.47599703514622
  b: 3.334879286606427
  nz: 0.004696191139099707
  z: 3.0
redshift: 3.0
sigma_fnl: 4.824929384458465
