Volume: 25000000000.0
alpha: 1.1186299645572866
himass:
  M: 483.29302385717517
  b: 5.562069174811098
  nz: 0.00022848885239320832
  z: 3.0
kmax: 0.1
kmin: 0.005
lomass:
  M: 335.9818286283788
  b: 4.972215434093404
  nz: 0.0004585638260541108
  z: 3.0
redshift: 3.0
sigma_fnl: 21.999730651231832
