Volume: 25000000000.0
alpha: 1.0713702073307734
himass:
  M: 12.742749857031322
  b: 2.230694411210151
  nz: 0.047262398796419414
  z: 3.0
kmax: 0.1
kmin: 0.001
lomass:
  M: 8.858667904100832
  b: 2.082094868745449
  nz: 0.0715595238868841
  z: 3.0
redshift: 3.0
sigma_fnl: 2.111671081328347
