Volume: 25000000000.0
alpha: 1.8224706651716038
himass:
  M: 483.29302385717517
  b: 5.562069174811098
  nz: 0.00022848885239320832
  z: 3.0
kmax: 0.1
kmin: 0.005
lomass:
  M: 54.555947811685144
  b: 3.0519389316411156
  nz: 0.007771060315405916
  z: 3.0
redshift: 3.0
sigma_fnl: 2.626900251585737
