Volume: 25000000000.0
alpha: 1.0641944519012054
himass:
  M: 6.1584821106602545
  b: 1.9499001819737745
  nz: 0.10744797315351674
  z: 3.0
kmax: 0.1
kmin: 0.001
lomass:
  M: 4.281332398719395
  b: 1.8322780939989278
  nz: 0.15972301831699917
  z: 3.0
redshift: 3.0
sigma_fnl: 1.5590089063751602
