Volume: 25000000000.0
alpha: 2.2912022681831825
himass:
  M: 233.5721469090121
  b: 4.467615719669112
  nz: 0.0008714298814707154
  z: 3.0
kmax: 0.1
kmin: 0.001
lomass:
  M: 6.1584821106602545
  b: 1.9499001819737745
  nz: 0.10744797315351674
  z: 3.0
redshift: 3.0
sigma_fnl: 0.6629325594174127
