Volume: 25000000000.0
alpha: 1.9207943470904543
himass:
  M: 335.9818286283788
  b: 4.972215434093404
  nz: 0.0004585638260541108
  z: 3.0
kmax: 0.1
kmin: 0.001
lomass:
  M: 26.366508987303554
  b: 2.5886245665107905
  nz: 0.019857528979232538
  z: 3.0
redshift: 3.0
sigma_fnl: 1.3096919456189684
