Volume: 25000000000.0
alpha: 2.319037195169582
himass:
  M: 483.29302385717517
  b: 5.562069174811098
  nz: 0.00022848885239320832
  z: 3.0
kmax: 0.1
kmin: 0.01
lomass:
  M: 18.329807108324374
  b: 2.3984389669974076
  nz: 0.030867793833877912
  z: 3.0
redshift: 3.0
sigma_fnl: 1.826664367310733
