Volume: 25000000000.0
alpha: 4.037500939226047
himass:
  M: 695.1927961775591
  b: 6.254776743976475
  nz: 0.00010655345984083428
  z: 3.0
kmax: 0.1
kmin: 0.001
lomass:
  M: 1.43844988828766
  b: 1.5491703502056549
  nz: 0.500333117296766
  z: 3.0
redshift: 3.0
sigma_fnl: 0.790134928434667
