Volume: 25000000000.0
alpha: 2.671381241221963
himass:
  M: 483.29302385717517
  b: 5.562069174811098
  nz: 0.00022848885239320832
  z: 3.0
kmax: 0.1
kmin: 0.001
lomass:
  M: 8.858667904100832
  b: 2.082094868745449
  nz: 0.0715595238868841
  z: 3.0
redshift: 3.0
sigma_fnl: 0.9910378917810208
