Volume: 25000000000.0
alpha: 3.3967734221756785
himass:
  M: 1000.0
  b: 7.072404512602899
  nz: 4.5916846700745966e-05
  z: 3.0
kmax: 0.1
kmin: 0.01
lomass:
  M: 8.858667904100832
  b: 2.082094868745449
  nz: 0.0715595238868841
  z: 3.0
redshift: 3.0
sigma_fnl: 2.205886292294015
