Volume: 25000000000.0
alpha: 2.0416643579807467
himass:
  M: 78.47599703514622
  b: 3.334879286606427
  nz: 0.004696191139099707
  z: 3.0
kmax: 0.1
kmin: 0.005
lomass:
  M: 2.06913808111479
  b: 1.633412109865453
  nz: 0.34425601271188977
  z: 3.0
redshift: 3.0
sigma_fnl: 0.4475458765905686
