Volume: 25000000000.0
alpha: 2.229885083765331
himass:
  M: 695.1927961775591
  b: 6.254776743976475
  nz: 0.00010655345984083428
  z: 3.0
kmax: 0.1
kmin: 0.01
lomass:
  M: 37.92690190732254
  b: 2.8049771665429533
  nz: 0.01255162678602288
  z: 3.0
redshift: 3.0
sigma_fnl: 2.8760169472277446
