Volume: 25000000000.0
alpha: 2.0027914613572873
himass:
  M: 233.5721469090121
  b: 4.467615719669112
  nz: 0.0008714298814707154
  z: 3.0
kmax: 0.1
kmin: 0.001
lomass:
  M: 12.742749857031322
  b: 2.230694411210151
  nz: 0.047262398796419414
  z: 3.0
redshift: 3.0
sigma_fnl: 0.8668604566344764
