Volume: 25000000000.0
alpha: 1.1937588623206614
himass:
  M: 6.1584821106602545
  b: 1.9499001819737745
  nz: 0.10744797315351674
  z: 3.0
kmax: 0.1
kmin: 0.001
lomass:
  M: 2.06913808111479
  b: 1.633412109865453
  nz: 0.34425601271188977
  z: 3.0
redshift: 3.0
sigma_fnl: 0.467879953461565
