Volume: 25000000000.0
alpha: 1.7568935024420316
himass:
  M: 26.366508987303554
  b: 2.5886245665107905
  nz: 0.019857528979232538
  z: 3.0
kmax: 0.1
kmin: 0.01
lomass:
  M: 1.0
  b: 1.47341006322391
  nz: 0.7230611596856078
  z: 3.0
redshift: 3.0
sigma_fnl: 0.34822645202899816
