Volume: 25000000000.0
alpha: 2.335418967930604
himass:
  M: 162.37767391887175
  b: 4.034017731345623
  nz: 0.0015819833198896583
  z: 3.0
kmax: 0.1
kmin: 0.001
lomass:
  M: 2.976351441631313
  b: 1.7273207877214998
  nz: 0.23537877449366834
  z: 3.0
redshift: 3.0
sigma_fnl: 0.47417864848039537
