Volume: 25000000000.0
alpha: 1.7258646840746843
himass:
  M: 233.5721469090121
  b: 4.467615719669112
  nz: 0.0008714298814707154
  z: 3.0
kmax: 0.1
kmin: 0.001
lomass:
  M: 26.366508987303554
  b: 2.5886245665107905
  nz: 0.019857528979232538
  z: 3.0
redshift: 3.0
sigma_fnl: 1.229723646385387
