Volume: 25000000000.0
alpha: 1.244974842022233
himass:
  M: 483.29302385717517
  b: 5.562069174811098
  nz: 0.00022848885239320832
  z: 3.0
kmax: 0.1
kmin: 0.01
lomass:
  M: 233.5721469090121
  b: 4.467615719669112
  nz: 0.0008714298814707154
  z: 3.0
redshift: 3.0
sigma_fnl: 11.452703939531443
