Volume: 25000000000.0
alpha: 1.6406716146507967
himass:
  M: 112.88378916846882
  b: 3.6598370014326664
  nz: 0.002764265137616136
  z: 3.0
kmax: 0.1
kmin: 0.001
lomass:
  M: 12.742749857031322
  b: 2.230694411210151
  nz: 0.047262398796419414
  z: 3.0
redshift: 3.0
sigma_fnl: 0.7905458898974532
