himass:
  M: 695.1927961775591
  b: 3.6023671331104494
  nz: 0.0005799437781013033
  z: 2.0
lomass:
  M: 54.555947811685144
  b: 1.901946293053696
  nz: 0.015477205769745903
  z: 2.0
