himass:
  M: 78.47599703514622
  b: 2.0528166092591973
  nz: 0.010262182272677958
  z: 2.0
lomass:
  M: 2.976351441631313
  b: 1.1928658631678308
  nz: 0.301453320739754
  z: 2.0
