himass:
  M: 335.9818286283788
  b: 2.923101190468969
  nz: 0.0016833973679739973
  z: 2.0
lomass:
  M: 233.5721469090121
  b: 2.65532825436652
  nz: 0.002733051833155817
  z: 2.0
