himass:
  M: 8.858667904100832
  b: 1.3833077015016262
  nz: 0.10330541125936447
  z: 2.0
lomass:
  M: 6.1584821106602545
  b: 1.3123977047909052
  nz: 0.14833533003661406
  z: 2.0
