himass:
  M: 233.5721469090121
  b: 2.65532825436652
  nz: 0.002733051833155817
  z: 2.0
lomass:
  M: 18.329807108324374
  b: 1.552765374693005
  nz: 0.049531462500880516
  z: 2.0
