himass:
  M: 112.88378916846882
  b: 2.22589211736276
  nz: 0.006712239930289286
  z: 2.0
lomass:
  M: 12.742749857031322
  b: 1.4629477416971521
  nz: 0.07171595392654084
  z: 2.0
