himass:
  M: 112.88378916846882
  b: 2.22589211736276
  nz: 0.006712239930289286
  z: 2.0
lomass:
  M: 4.281332398719395
  b: 1.249253473151541
  nz: 0.2119200975180835
  z: 2.0
