himass:
  M: 26.366508987303554
  b: 1.654500288440251
  nz: 0.03394161006343396
  z: 2.0
lomass:
  M: 4.281332398719395
  b: 1.249253473151541
  nz: 0.2119200975180835
  z: 2.0
