himass:
  M: 483.29302385717517
  b: 3.2357166746008534
  nz: 0.0010063208434547923
  z: 2.0
lomass:
  M: 78.47599703514622
  b: 2.0528166092591973
  nz: 0.010262182272677958
  z: 2.0
