himass:
  M: 26.366508987303554
  b: 1.654500288440251
  nz: 0.03394161006343396
  z: 2.0
lomass:
  M: 2.976351441631313
  b: 1.1928658631678308
  nz: 0.301453320739754
  z: 2.0
