himass:
  M: 54.555947811685144
  b: 1.901946293053696
  nz: 0.015477205769745903
  z: 2.0
lomass:
  M: 26.366508987303554
  b: 1.654500288440251
  nz: 0.03394161006343396
  z: 2.0
