himass:
  M: 6.1584821106602545
  b: 1.3123977047909052
  nz: 0.14833533003661406
  z: 2.0
lomass:
  M: 2.06913808111479
  b: 1.1423791723609773
  nz: 0.4272078470977463
  z: 2.0
