himass:
  M: 37.92690190732254
  b: 1.7701149105326879
  nz: 0.02304565518994703
  z: 2.0
lomass:
  M: 18.329807108324374
  b: 1.552765374693005
  nz: 0.049531462500880516
  z: 2.0
