himass:
  M: 162.37767391887175
  b: 2.424946215618987
  nz: 0.0043276023775839015
  z: 2.0
lomass:
  M: 18.329807108324374
  b: 1.552765374693005
  nz: 0.049531462500880516
  z: 2.0
