himass:
  M: 335.9818286283788
  b: 2.923101190468969
  nz: 0.0016833973679739973
  z: 2.0
lomass:
  M: 2.06913808111479
  b: 1.1423791723609773
  nz: 0.4272078470977463
  z: 2.0
