himass:
  M: 1000.0
  b: 4.034567666627055
  nz: 0.00032018089559189057
  z: 2.0
lomass:
  M: 1.0
  b: 1.056282536607494
  nz: 0.8506209052033976
  z: 2.0
