himass:
  M: 18.329807108324374
  b: 1.552765374693005
  nz: 0.049531462500880516
  z: 2.0
lomass:
  M: 12.742749857031322
  b: 1.4629477416971521
  nz: 0.07171595392654084
  z: 2.0
