himass:
  M: 483.29302385717517
  b: 3.2357166746008534
  nz: 0.0010063208434547923
  z: 2.0
lomass:
  M: 335.9818286283788
  b: 2.923101190468969
  nz: 0.0016833973679739973
  z: 2.0
