himass:
  M: 112.88378916846882
  b: 2.22589211736276
  nz: 0.006712239930289286
  z: 2.0
lomass:
  M: 2.976351441631313
  b: 1.1928658631678308
  nz: 0.301453320739754
  z: 2.0
