himass:
  M: 695.1927961775591
  b: 3.6023671331104494
  nz: 0.0005799437781013033
  z: 2.0
lomass:
  M: 78.47599703514622
  b: 2.0528166092591973
  nz: 0.010262182272677958
  z: 2.0
