himass:
  M: 54.555947811685144
  b: 1.901946293053696
  nz: 0.015477205769745903
  z: 2.0
lomass:
  M: 6.1584821106602545
  b: 1.3123977047909052
  nz: 0.14833533003661406
  z: 2.0
