himass:
  M: 162.37767391887175
  b: 2.424946215618987
  nz: 0.0043276023775839015
  z: 2.0
lomass:
  M: 112.88378916846882
  b: 2.22589211736276
  nz: 0.006712239930289286
  z: 2.0
