himass:
  M: 695.1927961775591
  b: 3.6023671331104494
  nz: 0.0005799437781013033
  z: 2.0
lomass:
  M: 1.0
  b: 1.056282536607494
  nz: 0.8506209052033976
  z: 2.0
