Volume: 25000000000.0
alpha: 1.1879095148559036
himass:
  M: 37.92690190732254
  b: 4.227294257110655
  nz: 0.005095955864563101
  z: 4.0
kmax: 0.1
kmin: 0.01
lomass:
  M: 18.329807108324374
  b: 3.5585995433527917
  nz: 0.014970202002357056
  z: 4.0
redshift: 4.0
sigma_fnl: 3.2329240168348785
