Volume: 25000000000.0
alpha: 2.7599130138956176
himass:
  M: 112.88378916846882
  b: 5.6365094566063485
  nz: 0.0007778219699601099
  z: 4.0
kmax: 0.1
kmin: 0.005
lomass:
  M: 1.0
  b: 2.042277937104407
  nz: 0.532234777710243
  z: 4.0
redshift: 4.0
sigma_fnl: 0.6363967961965681
