Volume: 25000000000.0
alpha: 1.2262571986915893
himass:
  M: 162.37767391887175
  b: 6.254394975481551
  nz: 0.0003811099997329867
  z: 4.0
kmax: 0.1
kmin: 0.01
lomass:
  M: 78.47599703514622
  b: 5.100394095263996
  nz: 0.0015170185282298615
  z: 4.0
redshift: 4.0
sigma_fnl: 9.49531743488272
