Volume: 25000000000.0
alpha: 1.155774075463739
himass:
  M: 8.858667904100832
  b: 3.039108240123041
  nz: 0.03993891381854747
  z: 4.0
kmax: 0.1
kmin: 0.01
lomass:
  M: 4.281332398719395
  b: 2.629500267086056
  nz: 0.09982454711004027
  z: 4.0
redshift: 4.0
sigma_fnl: 1.4180897771910184
