Volume: 25000000000.0
alpha: 2.435709809177468
himass:
  M: 1000.0
  b: 11.287115172870577
  nz: 3.2784590027025293e-06
  z: 4.0
kmax: 0.1
kmin: 0.005
lomass:
  M: 54.555947811685144
  b: 4.6340147460678836
  nz: 0.002835167384364856
  z: 4.0
redshift: 4.0
sigma_fnl: 12.087339228749727
