Volume: 25000000000.0
alpha: 1.68031904809346
himass:
  M: 26.366508987303554
  b: 3.871287691057413
  nz: 0.008859327992410819
  z: 4.0
kmax: 0.1
kmin: 0.01
lomass:
  M: 2.06913808111479
  b: 2.3039003785917274
  nz: 0.23553732249814063
  z: 4.0
redshift: 4.0
sigma_fnl: 0.5855634782299004
