Volume: 25000000000.0
alpha: 1.587791031919765
himass:
  M: 695.1927961775591
  b: 9.930672252153645
  nz: 1.0503140936670206e-05
  z: 4.0
kmax: 0.1
kmin: 0.01
lomass:
  M: 162.37767391887175
  b: 6.254394975481551
  nz: 0.0003811099997329867
  z: 4.0
redshift: 4.0
sigma_fnl: 19.90107356013504
