Volume: 25000000000.0
alpha: 3.413369972198736
himass:
  M: 233.5721469090121
  b: 6.9710501853961615
  nz: 0.00017573257495535476
  z: 4.0
kmax: 0.1
kmin: 0.001
lomass:
  M: 1.0
  b: 2.042277937104407
  nz: 0.532234777710243
  z: 4.0
redshift: 4.0
sigma_fnl: 0.774351893143557
