Volume: 25000000000.0
alpha: 1.125127881476547
himass:
  M: 483.29302385717517
  b: 8.782554949331766
  nz: 2.9649300693617927e-05
  z: 4.0
kmax: 0.1
kmin: 0.001
lomass:
  M: 335.9818286283788
  b: 7.805828203107093
  nz: 7.537128242012817e-05
  z: 4.0
redshift: 4.0
sigma_fnl: 45.223470559676485
