Volume: 25000000000.0
alpha: 2.836528094421627
himass:
  M: 233.5721469090121
  b: 6.9710501853961615
  nz: 0.00017573257495535476
  z: 4.0
kmax: 0.1
kmin: 0.005
lomass:
  M: 2.976351441631313
  b: 2.4575995559873243
  nz: 0.15429844539515597
  z: 4.0
redshift: 4.0
sigma_fnl: 1.2821821178364285
