Volume: 25000000000.0
alpha: 1.8465306005081266
himass:
  M: 335.9818286283788
  b: 7.805828203107093
  nz: 7.537128242012817e-05
  z: 4.0
kmax: 0.1
kmin: 0.01
lomass:
  M: 37.92690190732254
  b: 4.227294257110655
  nz: 0.005095955864563101
  z: 4.0
redshift: 4.0
sigma_fnl: 4.995433321851254
