Volume: 25000000000.0
alpha: 1.9050671078377097
himass:
  M: 162.37767391887175
  b: 6.254394975481551
  nz: 0.0003811099997329867
  z: 4.0
kmax: 0.1
kmin: 0.01
lomass:
  M: 12.742749857031322
  b: 3.2830313167185055
  nz: 0.024684396708913352
  z: 4.0
redshift: 4.0
sigma_fnl: 2.07640586593628
