Volume: 25000000000.0
alpha: 1.0699465910465107
himass:
  M: 4.281332398719395
  b: 2.629500267086056
  nz: 0.09982454711004027
  z: 4.0
kmax: 0.1
kmin: 0.001
lomass:
  M: 2.976351441631313
  b: 2.4575995559873243
  nz: 0.15429844539515597
  z: 4.0
redshift: 4.0
sigma_fnl: 1.4753015093144026
