Volume: 25000000000.0
alpha: 2.7906124673970205
himass:
  M: 695.1927961775591
  b: 9.930672252153645
  nz: 1.0503140936670206e-05
  z: 4.0
kmax: 0.1
kmin: 0.001
lomass:
  M: 18.329807108324374
  b: 3.5585995433527917
  nz: 0.014970202002357056
  z: 4.0
redshift: 4.0
sigma_fnl: 4.287572776189448
