Volume: 25000000000.0
alpha: 1.23661653206236
himass:
  M: 8.858667904100832
  b: 3.039108240123041
  nz: 0.03993891381854747
  z: 4.0
kmax: 0.1
kmin: 0.01
lomass:
  M: 2.976351441631313
  b: 2.4575995559873243
  nz: 0.15429844539515597
  z: 4.0
redshift: 4.0
sigma_fnl: 0.8905255471056963
