Volume: 25000000000.0
alpha: 2.2686391842226734
himass:
  M: 483.29302385717517
  b: 8.782554949331766
  nz: 2.9649300693617927e-05
  z: 4.0
kmax: 0.1
kmin: 0.01
lomass:
  M: 26.366508987303554
  b: 3.871287691057413
  nz: 0.008859327992410819
  z: 4.0
redshift: 4.0
sigma_fnl: 5.223656095425432
