Volume: 25000000000.0
alpha: 2.2129888322455904
himass:
  M: 1000.0
  b: 11.287115172870577
  nz: 3.2784590027025293e-06
  z: 4.0
kmax: 0.1
kmin: 0.01
lomass:
  M: 78.47599703514622
  b: 5.100394095263996
  nz: 0.0015170185282298615
  z: 4.0
redshift: 4.0
sigma_fnl: 16.527437505589056
