Volume: 25000000000.0
alpha: 1.37168724809851
himass:
  M: 26.366508987303554
  b: 3.871287691057413
  nz: 0.008859327992410819
  z: 4.0
kmax: 0.1
kmin: 0.01
lomass:
  M: 6.1584821106602545
  b: 2.822281607140369
  nz: 0.06366497175733357
  z: 4.0
redshift: 4.0
sigma_fnl: 1.1448091274853442
