Volume: 25000000000.0
alpha: 1.4459855993727564
himass:
  M: 1000.0
  b: 11.287115172870577
  nz: 3.2784590027025293e-06
  z: 4.0
kmax: 0.1
kmin: 0.005
lomass:
  M: 335.9818286283788
  b: 7.805828203107093
  nz: 7.537128242012817e-05
  z: 4.0
redshift: 4.0
sigma_fnl: 43.38351292895492
