Volume: 25000000000.0
alpha: 2.6751359040066087
himass:
  M: 483.29302385717517
  b: 8.782554949331766
  nz: 2.9649300693617927e-05
  z: 4.0
kmax: 0.1
kmin: 0.01
lomass:
  M: 12.742749857031322
  b: 3.2830313167185055
  nz: 0.024684396708913352
  z: 4.0
redshift: 4.0
sigma_fnl: 3.9318607002844628
