Volume: 25000000000.0
alpha: 2.2935019836223556
himass:
  M: 112.88378916846882
  b: 5.6365094566063485
  nz: 0.0007778219699601099
  z: 4.0
kmax: 0.1
kmin: 0.01
lomass:
  M: 2.976351441631313
  b: 2.4575995559873243
  nz: 0.15429844539515597
  z: 4.0
redshift: 4.0
sigma_fnl: 1.0014863330344528
