Volume: 25000000000.0
alpha: 1.0919607620161138
himass:
  M: 37.92690190732254
  b: 4.227294257110655
  nz: 0.005095955864563101
  z: 4.0
kmax: 0.1
kmin: 0.001
lomass:
  M: 26.366508987303554
  b: 3.871287691057413
  nz: 0.008859327992410819
  z: 4.0
redshift: 4.0
sigma_fnl: 4.883027166985841
