Volume: 25000000000.0
alpha: 1.8007057965490731
himass:
  M: 233.5721469090121
  b: 6.9710501853961615
  nz: 0.00017573257495535476
  z: 4.0
kmax: 0.1
kmin: 0.001
lomass:
  M: 26.366508987303554
  b: 3.871287691057413
  nz: 0.008859327992410819
  z: 4.0
redshift: 4.0
sigma_fnl: 2.4134636495644304
