Volume: 25000000000.0
alpha: 2.193511269816189
himass:
  M: 335.9818286283788
  b: 7.805828203107093
  nz: 7.537128242012817e-05
  z: 4.0
kmax: 0.1
kmin: 0.005
lomass:
  M: 18.329807108324374
  b: 3.5585995433527917
  nz: 0.014970202002357056
  z: 4.0
redshift: 4.0
sigma_fnl: 3.0410794644311823
