Volume: 25000000000.0
alpha: 1.0878683155818138
himass:
  M: 26.366508987303554
  b: 3.871287691057413
  nz: 0.008859327992410819
  z: 4.0
kmax: 0.1
kmin: 0.01
lomass:
  M: 18.329807108324374
  b: 3.5585995433527917
  nz: 0.014970202002357056
  z: 4.0
redshift: 4.0
sigma_fnl: 5.615492291336468
