Volume: 25000000000.0
alpha: 1.9470401829095587
himass:
  M: 695.1927961775591
  b: 9.930672252153645
  nz: 1.0503140936670206e-05
  z: 4.0
kmax: 0.1
kmin: 0.001
lomass:
  M: 78.47599703514622
  b: 5.100394095263996
  nz: 0.0015170185282298615
  z: 4.0
redshift: 4.0
sigma_fnl: 8.298773590927768
