Volume: 25000000000.0
alpha: 1.9589307817502484
himass:
  M: 233.5721469090121
  b: 6.9710501853961615
  nz: 0.00017573257495535476
  z: 4.0
kmax: 0.1
kmin: 0.005
lomass:
  M: 18.329807108324374
  b: 3.5585995433527917
  nz: 0.014970202002357056
  z: 4.0
redshift: 4.0
sigma_fnl: 2.5034868926650886
