Volume: 25000000000.0
alpha: 1.5043219686150828
himass:
  M: 233.5721469090121
  b: 6.9710501853961615
  nz: 0.00017573257495535476
  z: 4.0
kmax: 0.1
kmin: 0.01
lomass:
  M: 54.555947811685144
  b: 4.6340147460678836
  nz: 0.002835167384364856
  z: 4.0
redshift: 4.0
sigma_fnl: 5.724444477020947
