Volume: 25000000000.0
alpha: 3.43801629774047
himass:
  M: 1000.0
  b: 11.287115172870577
  nz: 3.2784590027025293e-06
  z: 4.0
kmax: 0.1
kmin: 0.01
lomass:
  M: 12.742749857031322
  b: 3.2830313167185055
  nz: 0.024684396708913352
  z: 4.0
redshift: 4.0
sigma_fnl: 8.096259281020862
