Volume: 25000000000.0
alpha: 1.2876192303081564
himass:
  M: 37.92690190732254
  b: 4.227294257110655
  nz: 0.005095955864563101
  z: 4.0
kmax: 0.1
kmin: 0.005
lomass:
  M: 12.742749857031322
  b: 3.2830313167185055
  nz: 0.024684396708913352
  z: 4.0
redshift: 4.0
sigma_fnl: 1.7532679280449301
