Volume: 25000000000.0
alpha: 1.1365912484346428
himass:
  M: 1000.0
  b: 11.287115172870577
  nz: 3.2784590027025293e-06
  z: 4.0
kmax: 0.1
kmin: 0.001
lomass:
  M: 695.1927961775591
  b: 9.930672252153645
  nz: 1.0503140936670206e-05
  z: 4.0
redshift: 4.0
sigma_fnl: 139.77222884279317
