Volume: 25000000000.0
alpha: 1.390965350065817
himass:
  M: 37.92690190732254
  b: 4.227294257110655
  nz: 0.005095955864563101
  z: 4.0
kmax: 0.1
kmin: 0.005
lomass:
  M: 8.858667904100832
  b: 3.039108240123041
  nz: 0.03993891381854747
  z: 4.0
redshift: 4.0
sigma_fnl: 1.2432685131172494
