Volume: 25000000000.0
alpha: 1.1413255067449373
himass:
  M: 4.281332398719395
  b: 2.629500267086056
  nz: 0.09982454711004027
  z: 4.0
kmax: 0.1
kmin: 0.005
lomass:
  M: 2.06913808111479
  b: 2.3039003785917274
  nz: 0.23553732249814063
  z: 4.0
redshift: 4.0
sigma_fnl: 0.8664861875130341
