Volume: 25000000000.0
alpha: 1.5581549214005224
himass:
  M: 483.29302385717517
  b: 8.782554949331766
  nz: 2.9649300693617927e-05
  z: 4.0
kmax: 0.1
kmin: 0.001
lomass:
  M: 112.88378916846882
  b: 5.6365094566063485
  nz: 0.0007778219699601099
  z: 4.0
redshift: 4.0
sigma_fnl: 8.689009023569872
