Volume: 25000000000.0
alpha: 1.8546590023322596
himass:
  M: 112.88378916846882
  b: 5.6365094566063485
  nz: 0.0007778219699601099
  z: 4.0
kmax: 0.1
kmin: 0.001
lomass:
  M: 8.858667904100832
  b: 3.039108240123041
  nz: 0.03993891381854747
  z: 4.0
redshift: 4.0
sigma_fnl: 1.0729314377846357
