Volume: 25000000000.0
alpha: 1.272212505035758
himass:
  M: 695.1927961775591
  b: 9.930672252153645
  nz: 1.0503140936670206e-05
  z: 4.0
kmax: 0.1
kmin: 0.005
lomass:
  M: 335.9818286283788
  b: 7.805828203107093
  nz: 7.537128242012817e-05
  z: 4.0
redshift: 4.0
sigma_fnl: 40.972527826135774
