Volume: 25000000000.0
alpha: 1.1307270275501362
himass:
  M: 695.1927961775591
  b: 9.930672252153645
  nz: 1.0503140936670206e-05
  z: 4.0
kmax: 0.1
kmin: 0.005
lomass:
  M: 483.29302385717517
  b: 8.782554949331766
  nz: 2.9649300693617927e-05
  z: 4.0
redshift: 4.0
sigma_fnl: 91.84835077033783
