Volume: 25000000000.0
alpha: 1.3533368252121682
himass:
  M: 18.329807108324374
  b: 3.5585995433527917
  nz: 0.014970202002357056
  z: 4.0
kmax: 0.1
kmin: 0.001
lomass:
  M: 4.281332398719395
  b: 2.629500267086056
  nz: 0.09982454711004027
  z: 4.0
redshift: 4.0
sigma_fnl: 0.6457608850911907
