Volume: 25000000000.0
alpha: 1.080261398187512
himass:
  M: 12.742749857031322
  b: 3.2830313167185055
  nz: 0.024684396708913352
  z: 4.0
kmax: 0.1
kmin: 0.001
lomass:
  M: 8.858667904100832
  b: 3.039108240123041
  nz: 0.03993891381854747
  z: 4.0
redshift: 4.0
sigma_fnl: 2.570332626771957
