Volume: 25000000000.0
alpha: 5.526728251725489
himass:
  M: 1000.0
  b: 11.287115172870577
  nz: 3.2784590027025293e-06
  z: 4.0
kmax: 0.1
kmin: 0.001
lomass:
  M: 1.0
  b: 2.042277937104407
  nz: 0.532234777710243
  z: 4.0
redshift: 4.0
sigma_fnl: 3.01701698669756
