Volume: 25000000000.0
alpha: 1.6155851681932762
himass:
  M: 162.37767391887175
  b: 6.254394975481551
  nz: 0.0003811099997329867
  z: 4.0
kmax: 0.1
kmin: 0.001
lomass:
  M: 26.366508987303554
  b: 3.871287691057413
  nz: 0.008859327992410819
  z: 4.0
redshift: 4.0
sigma_fnl: 2.1777350294890483
