Volume: 25000000000.0
alpha: 1.6419391794014573
himass:
  M: 54.555947811685144
  b: 4.6340147460678836
  nz: 0.002835167384364856
  z: 4.0
kmax: 0.1
kmin: 0.005
lomass:
  M: 6.1584821106602545
  b: 2.822281607140369
  nz: 0.06366497175733357
  z: 4.0
redshift: 4.0
sigma_fnl: 0.9622677685464608
