Volume: 25000000000.0
alpha: 1.3496709264442057
himass:
  M: 162.37767391887175
  b: 6.254394975481551
  nz: 0.0003811099997329867
  z: 4.0
kmax: 0.1
kmin: 0.005
lomass:
  M: 54.555947811685144
  b: 4.6340147460678836
  nz: 0.002835167384364856
  z: 4.0
redshift: 4.0
sigma_fnl: 5.09398625932977
