Volume: 25000000000.0
alpha: 3.713956292788574
himass:
  M: 1000.0
  b: 11.287115172870577
  nz: 3.2784590027025293e-06
  z: 4.0
kmax: 0.1
kmin: 0.01
lomass:
  M: 8.858667904100832
  b: 3.039108240123041
  nz: 0.03993891381854747
  z: 4.0
redshift: 4.0
sigma_fnl: 7.267408270759305
