Volume: 25000000000.0
alpha: 1.1483895333007317
himass:
  M: 6.1584821106602545
  b: 2.822281607140369
  nz: 0.06366497175733357
  z: 4.0
kmax: 0.1
kmin: 0.001
lomass:
  M: 2.976351441631313
  b: 2.4575995559873243
  nz: 0.15429844539515597
  z: 4.0
redshift: 4.0
sigma_fnl: 0.8203155201761282
