Volume: 25000000000.0
alpha: 1.99714636638172
himass:
  M: 112.88378916846882
  b: 5.6365094566063485
  nz: 0.0007778219699601099
  z: 4.0
kmax: 0.1
kmin: 0.005
lomass:
  M: 6.1584821106602545
  b: 2.822281607140369
  nz: 0.06366497175733357
  z: 4.0
redshift: 4.0
sigma_fnl: 1.144649880038584
