Volume: 25000000000.0
alpha: 1.0962129589803433
himass:
  M: 54.555947811685144
  b: 4.6340147460678836
  nz: 0.002835167384364856
  z: 4.0
kmax: 0.1
kmin: 0.01
lomass:
  M: 37.92690190732254
  b: 4.227294257110655
  nz: 0.005095955864563101
  z: 4.0
redshift: 4.0
sigma_fnl: 8.976002574644344
