Volume: 25000000000.0
alpha: 2.0113780913133286
himass:
  M: 54.555947811685144
  b: 4.6340147460678836
  nz: 0.002835167384364856
  z: 4.0
kmax: 0.1
kmin: 0.005
lomass:
  M: 2.06913808111479
  b: 2.3039003785917274
  nz: 0.23553732249814063
  z: 4.0
redshift: 4.0
sigma_fnl: 0.5907919573330497
