Volume: 25000000000.0
alpha: 2.3491793208976266
himass:
  M: 695.1927961775591
  b: 9.930672252153645
  nz: 1.0503140936670206e-05
  z: 4.0
kmax: 0.1
kmin: 0.005
lomass:
  M: 37.92690190732254
  b: 4.227294257110655
  nz: 0.005095955864563101
  z: 4.0
redshift: 4.0
sigma_fnl: 7.182255452144497
