Volume: 25000000000.0
alpha: 2.446507457085318
himass:
  M: 112.88378916846882
  b: 5.6365094566063485
  nz: 0.0007778219699601099
  z: 4.0
kmax: 0.1
kmin: 0.01
lomass:
  M: 2.06913808111479
  b: 2.3039003785917274
  nz: 0.23553732249814063
  z: 4.0
redshift: 4.0
sigma_fnl: 0.8924891679391495
