Volume: 25000000000.0
alpha: 1.8855857679410262
himass:
  M: 54.555947811685144
  b: 4.6340147460678836
  nz: 0.002835167384364856
  z: 4.0
kmax: 0.1
kmin: 0.001
lomass:
  M: 2.976351441631313
  b: 2.4575995559873243
  nz: 0.15429844539515597
  z: 4.0
redshift: 4.0
sigma_fnl: 0.5413979172879427
