Volume: 25000000000.0
alpha: 2.1429953930509504
himass:
  M: 695.1927961775591
  b: 9.930672252153645
  nz: 1.0503140936670206e-05
  z: 4.0
kmax: 0.1
kmin: 0.005
lomass:
  M: 54.555947811685144
  b: 4.6340147460678836
  nz: 0.002835167384364856
  z: 4.0
redshift: 4.0
sigma_fnl: 8.523131190920077
