Volume: 25000000000.0
alpha: 3.025760249953714
himass:
  M: 233.5721469090121
  b: 6.9710501853961615
  nz: 0.00017573257495535476
  z: 4.0
kmax: 0.1
kmin: 0.005
lomass:
  M: 2.06913808111479
  b: 2.3039003785917274
  nz: 0.23553732249814063
  z: 4.0
redshift: 4.0
sigma_fnl: 1.1609084425881553
