Volume: 25000000000.0
alpha: 1.4245589958536913
himass:
  M: 695.1927961775591
  b: 9.930672252153645
  nz: 1.0503140936670206e-05
  z: 4.0
kmax: 0.1
kmin: 0.01
lomass:
  M: 233.5721469090121
  b: 6.9710501853961615
  nz: 0.00017573257495535476
  z: 4.0
redshift: 4.0
sigma_fnl: 28.570793528079847
