Volume: 25000000000.0
alpha: 2.1233578095636165
himass:
  M: 233.5721469090121
  b: 6.9710501853961615
  nz: 0.00017573257495535476
  z: 4.0
kmax: 0.1
kmin: 0.01
lomass:
  M: 12.742749857031322
  b: 3.2830313167185055
  nz: 0.024684396708913352
  z: 4.0
redshift: 4.0
sigma_fnl: 2.4358670460884952
