Volume: 25000000000.0
alpha: 1.3819282654259444
himass:
  M: 6.1584821106602545
  b: 2.822281607140369
  nz: 0.06366497175733357
  z: 4.0
kmax: 0.1
kmin: 0.005
lomass:
  M: 1.0
  b: 2.042277937104407
  nz: 0.532234777710243
  z: 4.0
redshift: 4.0
sigma_fnl: 0.3572288976105633
