Volume: 25000000000.0
alpha: 1.939681908044117
himass:
  M: 78.47599703514622
  b: 5.100394095263996
  nz: 0.0015170185282298615
  z: 4.0
kmax: 0.1
kmin: 0.01
lomass:
  M: 4.281332398719395
  b: 2.629500267086056
  nz: 0.09982454711004027
  z: 4.0
redshift: 4.0
sigma_fnl: 1.001888576834396
