Volume: 25000000000.0
alpha: 1.3667669703933614
himass:
  M: 233.5721469090121
  b: 6.9710501853961615
  nz: 0.00017573257495535476
  z: 4.0
kmax: 0.1
kmin: 0.01
lomass:
  M: 78.47599703514622
  b: 5.100394095263996
  nz: 0.0015170185282298615
  z: 4.0
redshift: 4.0
sigma_fnl: 8.136550751241506
