Volume: 25000000000.0
alpha: 1.447998122673467
himass:
  M: 18.329807108324374
  b: 3.5585995433527917
  nz: 0.014970202002357056
  z: 4.0
kmax: 0.1
kmin: 0.001
lomass:
  M: 2.976351441631313
  b: 2.4575995559873243
  nz: 0.15429844539515597
  z: 4.0
redshift: 4.0
sigma_fnl: 0.4948813248034569
