Volume: 25000000000.0
alpha: 1.0636099736064664
himass:
  M: 2.06913808111479
  b: 2.3039003785917274
  nz: 0.23553732249814063
  z: 4.0
kmax: 0.1
kmin: 0.001
lomass:
  M: 1.43844988828766
  b: 2.1661139287550215
  nz: 0.3557475430447583
  z: 4.0
redshift: 4.0
sigma_fnl: 1.058754181275396
