Volume: 25000000000.0
alpha: 2.3785489029109357
himass:
  M: 162.37767391887175
  b: 6.254394975481551
  nz: 0.0003811099997329867
  z: 4.0
kmax: 0.1
kmin: 0.001
lomass:
  M: 4.281332398719395
  b: 2.629500267086056
  nz: 0.09982454711004027
  z: 4.0
redshift: 4.0
sigma_fnl: 0.9292745145738174
