Volume: 25000000000.0
alpha: 1.5156318756536664
himass:
  M: 12.742749857031322
  b: 3.2830313167185055
  nz: 0.024684396708913352
  z: 4.0
kmax: 0.1
kmin: 0.001
lomass:
  M: 1.43844988828766
  b: 2.1661139287550215
  nz: 0.3557475430447583
  z: 4.0
redshift: 4.0
sigma_fnl: 0.32861587338761167
