Volume: 25000000000.0
alpha: 2.2690421621251544
himass:
  M: 54.555947811685144
  b: 4.6340147460678836
  nz: 0.002835167384364856
  z: 4.0
kmax: 0.1
kmin: 0.01
lomass:
  M: 1.0
  b: 2.042277937104407
  nz: 0.532234777710243
  z: 4.0
redshift: 4.0
sigma_fnl: 0.534741106275201
