Volume: 25000000000.0
alpha: 1.2608945664208489
himass:
  M: 18.329807108324374
  b: 3.5585995433527917
  nz: 0.014970202002357056
  z: 4.0
kmax: 0.1
kmin: 0.01
lomass:
  M: 6.1584821106602545
  b: 2.822281607140369
  nz: 0.06366497175733357
  z: 4.0
redshift: 4.0
sigma_fnl: 1.3089127373509435
