Volume: 25000000000.0
alpha: 1.1145842583853496
himass:
  M: 233.5721469090121
  b: 6.9710501853961615
  nz: 0.00017573257495535476
  z: 4.0
kmax: 0.1
kmin: 0.001
lomass:
  M: 162.37767391887175
  b: 6.254394975481551
  nz: 0.0003811099997329867
  z: 4.0
redshift: 4.0
sigma_fnl: 20.37347516902667
