Volume: 25000000000.0
alpha: 1.7219365377053637
himass:
  M: 483.29302385717517
  b: 8.782554949331766
  nz: 2.9649300693617927e-05
  z: 4.0
kmax: 0.1
kmin: 0.001
lomass:
  M: 78.47599703514622
  b: 5.100394095263996
  nz: 0.0015170185282298615
  z: 4.0
redshift: 4.0
sigma_fnl: 6.568420434547795
