Volume: 25000000000.0
alpha: 1.1197492480343536
himass:
  M: 335.9818286283788
  b: 7.805828203107093
  nz: 7.537128242012817e-05
  z: 4.0
kmax: 0.1
kmin: 0.001
lomass:
  M: 233.5721469090121
  b: 6.9710501853961615
  nz: 0.00017573257495535476
  z: 4.0
redshift: 4.0
sigma_fnl: 29.57219119075224
