Volume: 25000000000.0
alpha: 1.472252252458401
himass:
  M: 26.366508987303554
  b: 3.871287691057413
  nz: 0.008859327992410819
  z: 4.0
kmax: 0.1
kmin: 0.001
lomass:
  M: 4.281332398719395
  b: 2.629500267086056
  nz: 0.09982454711004027
  z: 4.0
redshift: 4.0
sigma_fnl: 0.6075520053415057
