Volume: 25000000000.0
alpha: 3.9992873653409315
himass:
  M: 1000.0
  b: 11.287115172870577
  nz: 3.2784590027025293e-06
  z: 4.0
kmax: 0.1
kmin: 0.005
lomass:
  M: 6.1584821106602545
  b: 2.822281607140369
  nz: 0.06366497175733357
  z: 4.0
redshift: 4.0
sigma_fnl: 5.726989534718415
