Volume: 25000000000.0
alpha: 1.1345661570995182
himass:
  M: 2.976351441631313
  b: 2.4575995559873243
  nz: 0.15429844539515597
  z: 4.0
kmax: 0.1
kmin: 0.01
lomass:
  M: 1.43844988828766
  b: 2.1661139287550215
  nz: 0.3557475430447583
  z: 4.0
redshift: 4.0
sigma_fnl: 0.8416603521265485
