Volume: 25000000000.0
alpha: 1.6076416914744156
himass:
  M: 37.92690190732254
  b: 4.227294257110655
  nz: 0.005095955864563101
  z: 4.0
kmax: 0.1
kmin: 0.001
lomass:
  M: 4.281332398719395
  b: 2.629500267086056
  nz: 0.09982454711004027
  z: 4.0
redshift: 4.0
sigma_fnl: 0.6066906451090422
