Volume: 25000000000.0
alpha: 1.5247942422347784
himass:
  M: 54.555947811685144
  b: 4.6340147460678836
  nz: 0.002835167384364856
  z: 4.0
kmax: 0.1
kmin: 0.001
lomass:
  M: 8.858667904100832
  b: 3.039108240123041
  nz: 0.03993891381854747
  z: 4.0
redshift: 4.0
sigma_fnl: 0.955894698513052
