Volume: 25000000000.0
alpha: 2.5684600831430298
himass:
  M: 335.9818286283788
  b: 7.805828203107093
  nz: 7.537128242012817e-05
  z: 4.0
kmax: 0.1
kmin: 0.005
lomass:
  M: 8.858667904100832
  b: 3.039108240123041
  nz: 0.03993891381854747
  z: 4.0
redshift: 4.0
sigma_fnl: 2.298030011396915
