Volume: 25000000000.0
alpha: 4.310373983368077
himass:
  M: 695.1927961775591
  b: 9.930672252153645
  nz: 1.0503140936670206e-05
  z: 4.0
kmax: 0.1
kmin: 0.01
lomass:
  M: 2.06913808111479
  b: 2.3039003785917274
  nz: 0.23553732249814063
  z: 4.0
redshift: 4.0
sigma_fnl: 3.3248129779621207
