Volume: 25000000000.0
alpha: 3.1118634395348477
himass:
  M: 483.29302385717517
  b: 8.782554949331766
  nz: 2.9649300693617927e-05
  z: 4.0
kmax: 0.1
kmin: 0.005
lomass:
  M: 6.1584821106602545
  b: 2.822281607140369
  nz: 0.06366497175733357
  z: 4.0
redshift: 4.0
sigma_fnl: 2.7095656258925804
