Volume: 25000000000.0
alpha: 1.6191412875661482
himass:
  M: 1000.0
  b: 11.287115172870577
  nz: 3.2784590027025293e-06
  z: 4.0
kmax: 0.1
kmin: 0.005
lomass:
  M: 233.5721469090121
  b: 6.9710501853961615
  nz: 0.00017573257495535476
  z: 4.0
redshift: 4.0
sigma_fnl: 29.797379418243132
