Volume: 25000000000.0
alpha: 1.076826717941293
himass:
  M: 8.858667904100832
  b: 3.039108240123041
  nz: 0.03993891381854747
  z: 4.0
kmax: 0.1
kmin: 0.001
lomass:
  M: 6.1584821106602545
  b: 2.822281607140369
  nz: 0.06366497175733357
  z: 4.0
redshift: 4.0
sigma_fnl: 2.1150990475524707
