Volume: 25000000000.0
alpha: 2.915597101952293
himass:
  M: 1000.0
  b: 11.287115172870577
  nz: 3.2784590027025293e-06
  z: 4.0
kmax: 0.1
kmin: 0.005
lomass:
  M: 26.366508987303554
  b: 3.871287691057413
  nz: 0.008859327992410819
  z: 4.0
redshift: 4.0
sigma_fnl: 9.002753690404703
