Volume: 25000000000.0
alpha: 1.4880972784889237
himass:
  M: 8.858667904100832
  b: 3.039108240123041
  nz: 0.03993891381854747
  z: 4.0
kmax: 0.1
kmin: 0.001
lomass:
  M: 1.0
  b: 2.042277937104407
  nz: 0.532234777710243
  z: 4.0
redshift: 4.0
sigma_fnl: 0.2736970829163421
