Volume: 25000000000.0
alpha: 1.479526759927144
himass:
  M: 162.37767391887175
  b: 6.254394975481551
  nz: 0.0003811099997329867
  z: 4.0
kmax: 0.1
kmin: 0.01
lomass:
  M: 37.92690190732254
  b: 4.227294257110655
  nz: 0.005095955864563101
  z: 4.0
redshift: 4.0
sigma_fnl: 4.121081920387465
