Volume: 25000000000.0
alpha: 2.3546287328457645
himass:
  M: 78.47599703514622
  b: 5.100394095263996
  nz: 0.0015170185282298615
  z: 4.0
kmax: 0.1
kmin: 0.001
lomass:
  M: 1.43844988828766
  b: 2.1661139287550215
  nz: 0.3557475430447583
  z: 4.0
redshift: 4.0
sigma_fnl: 0.4741870915530293
