Volume: 25000000000.0
alpha: 1.1096220140553479
himass:
  M: 162.37767391887175
  b: 6.254394975481551
  nz: 0.0003811099997329867
  z: 4.0
kmax: 0.1
kmin: 0.001
lomass:
  M: 112.88378916846882
  b: 5.6365094566063485
  nz: 0.0007778219699601099
  z: 4.0
redshift: 4.0
sigma_fnl: 14.585795013065995
