Volume: 25000000000.0
alpha: 3.388092764617909
himass:
  M: 335.9818286283788
  b: 7.805828203107093
  nz: 7.537128242012817e-05
  z: 4.0
kmax: 0.1
kmin: 0.005
lomass:
  M: 2.06913808111479
  b: 2.3039003785917274
  nz: 0.23553732249814063
  z: 4.0
redshift: 4.0
sigma_fnl: 1.5013348589429933
