Volume: 25000000000.0
alpha: 1.0606362089119918
himass:
  M: 1.43844988828766
  b: 2.1661139287550215
  nz: 0.3557475430447583
  z: 4.0
kmax: 0.1
kmin: 0.005
lomass:
  M: 1.0
  b: 2.042277937104407
  nz: 0.532234777710243
  z: 4.0
redshift: 4.0
sigma_fnl: 1.1365316104441656
