Volume: 25000000000.0
alpha: 4.054521247818003
himass:
  M: 483.29302385717517
  b: 8.782554949331766
  nz: 2.9649300693617927e-05
  z: 4.0
kmax: 0.1
kmin: 0.005
lomass:
  M: 1.43844988828766
  b: 2.1661139287550215
  nz: 0.3557475430447583
  z: 4.0
redshift: 4.0
sigma_fnl: 1.8691264267875187
