Volume: 25000000000.0
alpha: 1.3333610375301597
himass:
  M: 112.88378916846882
  b: 5.6365094566063485
  nz: 0.0007778219699601099
  z: 4.0
kmax: 0.1
kmin: 0.01
lomass:
  M: 37.92690190732254
  b: 4.227294257110655
  nz: 0.005095955864563101
  z: 4.0
redshift: 4.0
sigma_fnl: 4.331618088977281
