Volume: 25000000000.0
alpha: 1.8046693912230154
himass:
  M: 1000.0
  b: 11.287115172870577
  nz: 3.2784590027025293e-06
  z: 4.0
kmax: 0.1
kmin: 0.001
lomass:
  M: 162.37767391887175
  b: 6.254394975481551
  nz: 0.0003811099997329867
  z: 4.0
redshift: 4.0
sigma_fnl: 17.956965751951248
