Volume: 25000000000.0
alpha: 2.8873804338981732
himass:
  M: 162.37767391887175
  b: 6.254394975481551
  nz: 0.0003811099997329867
  z: 4.0
kmax: 0.1
kmin: 0.01
lomass:
  M: 1.43844988828766
  b: 2.1661139287550215
  nz: 0.3557475430447583
  z: 4.0
redshift: 4.0
sigma_fnl: 0.9718959948336923
