Volume: 25000000000.0
alpha: 1.4115048864960962
himass:
  M: 54.555947811685144
  b: 4.6340147460678836
  nz: 0.002835167384364856
  z: 4.0
kmax: 0.1
kmin: 0.005
lomass:
  M: 12.742749857031322
  b: 3.2830313167185055
  nz: 0.024684396708913352
  z: 4.0
redshift: 4.0
sigma_fnl: 1.5725846064196336
