Volume: 25000000000.0
alpha: 1.6428496655289522
himass:
  M: 18.329807108324374
  b: 3.5585995433527917
  nz: 0.014970202002357056
  z: 4.0
kmax: 0.1
kmin: 0.005
lomass:
  M: 1.43844988828766
  b: 2.1661139287550215
  nz: 0.3557475430447583
  z: 4.0
redshift: 4.0
sigma_fnl: 0.4167612394344944
